,Word,Start,End,length,time_spent,std_time_spent,speed,post_space
0,the,5.38,5.38,3,0.0,0.0,inf,2.1799999999999997
1,the,7.56,7.56,3,0.0,0.0,inf,2.1000000000000005
2,the,9.66,9.66,3,0.0,0.0,inf,1.6199999999999992
3,the,11.28,11.28,3,0.0,0.0,inf,1.6400000000000006
4,so,12.92,13.06,2,0.14000000000000057,0.07000000000000028,14.285714285714228,0.5599999999999987
5,i'll,13.62,13.82,4,0.20000000000000107,0.050000000000000266,19.999999999999893,0.03999999999999915
6,be,13.86,13.94,2,0.08000000000000007,0.040000000000000036,24.99999999999998,0.040000000000000924
7,speaking,13.98,14.3,8,0.3200000000000003,0.040000000000000036,24.99999999999998,0.019999999999999574
8,to,14.32,14.38,2,0.0600000000000005,0.03000000000000025,33.33333333333306,0.03999999999999915
9,you,14.42,14.48,3,0.0600000000000005,0.020000000000000167,49.99999999999959,0.08000000000000007
10,using,14.56,14.8,5,0.2400000000000002,0.04800000000000004,20.833333333333314,0.05999999999999872
11,language,14.86,15.36,8,0.5,0.0625,16.0,0.7800000000000011
12,because,16.14,16.46,7,0.3200000000000003,0.045714285714285756,21.874999999999982,0.03999999999999915
13,i,16.5,16.54,1,0.03999999999999915,0.03999999999999915,25.000000000000533,0.10000000000000142
14,can,16.64,16.9,3,0.259999999999998,0.086666666666666,11.538461538461627,0.7200000000000024
15,this,17.62,17.78,4,0.16000000000000014,0.040000000000000036,24.99999999999998,0.03999999999999915
16,is,17.82,17.92,2,0.10000000000000142,0.05000000000000071,19.999999999999716,0.05999999999999872
17,one,17.98,18.14,3,0.16000000000000014,0.05333333333333338,18.749999999999982,0.0
18,of,18.14,18.2,2,0.05999999999999872,0.02999999999999936,33.333333333334046,0.03999999999999915
19,these,18.24,18.38,5,0.14000000000000057,0.028000000000000115,35.714285714285566,0.060000000000002274
20,magical,18.44,18.84,7,0.3999999999999986,0.05714285714285694,17.500000000000064,0.03999999999999915
21,abilities,18.88,19.38,9,0.5,0.05555555555555555,18.0,0.060000000000002274
22,that,19.44,19.54,4,0.09999999999999787,0.024999999999999467,40.00000000000085,0.060000000000002274
23,we,19.6,19.66,2,0.05999999999999872,0.02999999999999936,33.333333333334046,0.0799999999999983
24,humans,19.74,20.12,6,0.38000000000000256,0.06333333333333376,15.78947368421042,0.05999999999999872
25,have,20.18,20.56,4,0.379999999999999,0.09499999999999975,10.526315789473712,0.5800000000000018
26,we,21.14,21.24,2,0.09999999999999787,0.049999999999998934,20.000000000000426,0.060000000000002274
27,can,21.3,21.44,3,0.14000000000000057,0.046666666666666856,21.428571428571342,0.13999999999999702
28,transmit,21.58,22.32,8,0.740000000000002,0.09250000000000025,10.810810810810782,0.23999999999999844
29,really,22.56,22.78,6,0.22000000000000242,0.03666666666666707,27.272727272726975,0.0799999999999983
30,complicated,22.86,23.48,11,0.620000000000001,0.056363636363636456,17.74193548387094,0.0799999999999983
31,thoughts,23.56,24.04,8,0.4800000000000004,0.06000000000000005,16.666666666666654,0.1999999999999993
32,to,24.24,24.32,2,0.08000000000000185,0.040000000000000924,24.999999999999424,0.05999999999999872
33,one,24.38,24.54,3,0.16000000000000014,0.05333333333333338,18.749999999999982,0.019999999999999574
34,another,24.56,24.9,7,0.33999999999999986,0.04857142857142855,20.588235294117656,0.5800000000000018
35,so,25.48,25.58,2,0.09999999999999787,0.049999999999998934,20.000000000000426,0.060000000000002274
36,what,25.64,25.74,4,0.09999999999999787,0.024999999999999467,40.00000000000085,0.020000000000003126
37,i'm,25.76,25.84,3,0.0799999999999983,0.0266666666666661,37.5000000000008,0.019999999999999574
38,doing,25.86,26.08,5,0.21999999999999886,0.043999999999999775,22.727272727272844,0.060000000000002274
39,right,26.14,26.28,5,0.14000000000000057,0.028000000000000115,35.714285714285566,0.03999999999999915
40,now,26.32,26.58,3,0.259999999999998,0.086666666666666,11.538461538461627,0.060000000000002274
41,is,26.64,26.76,2,0.120000000000001,0.0600000000000005,16.66666666666653,0.05999999999999872
42,i'm,26.82,27.0,3,0.17999999999999972,0.05999999999999991,16.666666666666693,0.4800000000000004
43,making,27.48,27.78,6,0.3000000000000007,0.05000000000000012,19.999999999999954,0.09999999999999787
44,sounds,27.88,28.26,6,0.38000000000000256,0.06333333333333376,15.78947368421042,0.05999999999999872
45,with,28.32,28.44,4,0.120000000000001,0.03000000000000025,33.33333333333306,0.05999999999999872
46,my,28.5,28.62,2,0.120000000000001,0.0600000000000005,16.66666666666653,0.0799999999999983
47,mouth,28.7,29.06,5,0.35999999999999943,0.07199999999999988,13.88888888888891,0.060000000000002274
48,as,29.12,29.26,2,0.14000000000000057,0.07000000000000028,14.285714285714228,0.03999999999999915
49,i'm,29.3,29.4,3,0.09999999999999787,0.033333333333332625,30.00000000000064,0.0400000000000027
50,mix,29.44,29.66,3,0.21999999999999886,0.07333333333333296,13.636363636363706,0.019999999999999574
51,hailing,29.68,30.08,7,0.3999999999999986,0.05714285714285694,17.500000000000064,0.020000000000003126
52,and,30.1,30.16,3,0.05999999999999872,0.019999999999999574,50.000000000001066,0.05999999999999872
53,making,30.22,30.48,6,0.26000000000000156,0.04333333333333359,23.076923076922938,0.09999999999999787
54,tones,30.58,31.1,5,0.5200000000000031,0.10400000000000062,9.615384615384558,0.03999999999999915
55,and,31.14,31.24,3,0.09999999999999787,0.033333333333332625,30.00000000000064,0.060000000000002274
56,hissism,31.3,31.74,7,0.4399999999999977,0.06285714285714253,15.909090909090992,0.060000000000002274
57,puffs,31.8,32.22,5,0.41999999999999815,0.08399999999999963,11.904761904761957,0.46000000000000085
58,and,32.68,32.82,3,0.14000000000000057,0.046666666666666856,21.428571428571342,0.020000000000003126
59,those,32.84,33.02,5,0.17999999999999972,0.03599999999999994,27.77777777777782,0.01999999999999602
60,are,33.04,33.12,3,0.0799999999999983,0.0266666666666661,37.5000000000008,0.03999999999999915
61,creating,33.16,33.52,8,0.36000000000000654,0.04500000000000082,22.22222222222182,0.09999999999999432
62,air,33.62,33.82,3,0.20000000000000284,0.06666666666666761,14.999999999999787,0.060000000000002274
63,vibrations,33.88,34.56,10,0.6799999999999997,0.06799999999999998,14.705882352941183,0.0799999999999983
64,in,34.64,34.74,2,0.10000000000000142,0.05000000000000071,19.999999999999716,0.03999999999999915
65,the,34.78,34.84,3,0.060000000000002274,0.020000000000000757,49.9999999999981,0.05999999999999517
66,air,34.9,35.18,3,0.28000000000000114,0.09333333333333371,10.714285714285671,0.5600000000000023
67,those,35.74,35.94,5,0.19999999999999574,0.03999999999999915,25.000000000000533,0.03999999999999915
68,air,35.98,36.12,3,0.14000000000000057,0.046666666666666856,21.428571428571342,0.03999999999999915
69,vibrations,36.16,36.62,10,0.46000000000000085,0.04600000000000008,21.739130434782567,0.020000000000003126
70,are,36.64,36.72,3,0.0799999999999983,0.0266666666666661,37.5000000000008,0.060000000000002274
71,travelling,36.78,37.26,10,0.4799999999999969,0.04799999999999969,20.83333333333347,0.060000000000002274
72,to,37.32,37.4,2,0.0799999999999983,0.03999999999999915,25.000000000000533,0.10000000000000142
73,you,37.5,37.76,3,0.259999999999998,0.086666666666666,11.538461538461627,0.46000000000000085
74,they're,38.22,38.38,7,0.1600000000000037,0.022857142857143384,43.74999999999899,0.03999999999999915
75,hitting,38.42,38.66,7,0.23999999999999488,0.03428571428571355,29.16666666666729,0.04000000000000625
76,your,38.7,38.8,4,0.09999999999999432,0.02499999999999858,40.000000000002274,0.04000000000000625
77,ear,38.84,39.02,3,0.17999999999999972,0.05999999999999991,16.666666666666693,0.03999999999999915
78,drums,39.06,39.56,5,0.5,0.1,10.0,0.4399999999999977
79,and,40.0,40.16,3,0.1599999999999966,0.0533333333333322,18.7500000000004,0.020000000000003126
80,then,40.18,40.32,4,0.14000000000000057,0.03500000000000014,28.571428571428456,0.03999999999999915
81,your,40.36,40.5,4,0.14000000000000057,0.03500000000000014,28.571428571428456,0.0799999999999983
82,brain,40.58,41.08,5,0.5,0.1,10.0,0.240000000000002
83,takes,41.32,41.82,5,0.5,0.1,10.0,0.3999999999999986
84,those,42.22,42.44,5,0.21999999999999886,0.043999999999999775,22.727272727272844,0.03999999999999915
85,vibrations,42.48,43.34,10,0.8600000000000065,0.08600000000000066,11.627906976744098,0.05999999999999517
86,from,43.4,43.56,4,0.1600000000000037,0.040000000000000924,24.999999999999424,0.01999999999999602
87,your,43.58,43.68,4,0.10000000000000142,0.025000000000000355,39.99999999999943,0.03999999999999915
88,ear,43.72,43.88,3,0.1600000000000037,0.053333333333334565,18.749999999999567,0.01999999999999602
89,drums,43.9,44.26,5,0.35999999999999943,0.07199999999999988,13.88888888888891,0.35999999999999943
90,and,44.62,44.76,3,0.14000000000000057,0.046666666666666856,21.428571428571342,0.060000000000002274
91,transforms,44.82,45.46,10,0.6400000000000006,0.06400000000000006,15.624999999999986,0.03999999999999915
92,them,45.5,45.66,4,0.1599999999999966,0.03999999999999915,25.000000000000533,0.060000000000002274
93,into,45.72,46.08,4,0.35999999999999943,0.08999999999999986,11.111111111111128,0.7199999999999989
94,thoughts,46.8,47.2,8,0.4000000000000057,0.05000000000000071,19.999999999999716,0.8399999999999963
95,i,48.04,48.1,1,0.060000000000002274,0.060000000000002274,16.666666666666035,0.0799999999999983
96,hope,48.18,48.44,4,0.259999999999998,0.0649999999999995,15.384615384615502,0.9200000000000017
97,hope,49.36,49.52,4,0.1600000000000037,0.040000000000000924,24.999999999999424,0.01999999999999602
98,that's,49.54,49.7,6,0.1600000000000037,0.026666666666667282,37.49999999999913,0.03999999999999915
99,happening,49.74,50.14,9,0.3999999999999986,0.04444444444444429,22.50000000000008,1.0399999999999991
100,so,51.18,51.34,2,0.1600000000000037,0.08000000000000185,12.499999999999712,0.8599999999999994
101,because,52.2,52.74,7,0.5399999999999991,0.07714285714285703,12.962962962962983,0.01999999999999602
102,of,52.76,52.86,2,0.10000000000000142,0.05000000000000071,19.999999999999716,0.060000000000002274
103,this,52.92,53.08,4,0.1599999999999966,0.03999999999999915,25.000000000000533,0.03999999999999915
104,ability,53.12,53.56,7,0.44000000000000483,0.06285714285714354,15.909090909090734,0.05999999999999517
105,we,53.62,53.68,2,0.060000000000002274,0.030000000000001137,33.33333333333207,0.0799999999999983
106,humans,53.76,54.08,6,0.3200000000000003,0.05333333333333338,18.749999999999982,0.020000000000003126
107,are,54.1,54.2,3,0.10000000000000142,0.033333333333333805,29.999999999999574,0.05999999999999517
108,able,54.26,54.5,4,0.240000000000002,0.0600000000000005,16.66666666666653,0.020000000000003126
109,to,54.52,54.6,2,0.0799999999999983,0.03999999999999915,25.000000000000533,0.05999999999999517
110,transmit,54.66,55.3,8,0.6400000000000006,0.08000000000000007,12.49999999999999,0.060000000000002274
111,our,55.36,55.48,3,0.11999999999999744,0.03999999999999915,25.000000000000533,0.04000000000000625
112,idea,55.52,55.82,4,0.29999999999999716,0.07499999999999929,13.33333333333346,0.03999999999999915
113,as,55.86,55.94,2,0.0799999999999983,0.03999999999999915,25.000000000000533,0.03999999999999915
114,a,55.98,56.04,1,0.060000000000002274,0.060000000000002274,16.666666666666035,0.020000000000003126
115,cross,56.06,56.38,5,0.3200000000000003,0.06400000000000006,15.624999999999986,0.05999999999999517
116,vast,56.44,56.68,4,0.240000000000002,0.0600000000000005,16.66666666666653,0.03999999999999915
117,reaches,56.72,57.0,7,0.28000000000000114,0.04000000000000016,24.999999999999897,0.020000000000003126
118,of,57.02,57.1,2,0.0799999999999983,0.03999999999999915,25.000000000000533,0.03999999999999915
119,space,57.14,57.44,5,0.29999999999999716,0.05999999999999943,16.666666666666824,0.020000000000003126
120,in,57.46,57.52,2,0.060000000000002274,0.030000000000001137,33.33333333333207,0.05999999999999517
121,time,57.58,57.92,4,0.3400000000000034,0.08500000000000085,11.764705882352823,0.19999999999999574
122,right,58.12,58.36,5,0.240000000000002,0.048000000000000397,20.83333333333316,0.38000000000000256
123,we're,58.74,58.9,5,0.1599999999999966,0.03199999999999932,31.250000000000668,0.060000000000002274
124,able,58.96,59.18,4,0.21999999999999886,0.054999999999999716,18.181818181818276,0.020000000000003126
125,to,59.2,59.28,2,0.0799999999999983,0.03999999999999915,25.000000000000533,0.060000000000002274
126,transmit,59.34,59.9,8,0.5599999999999952,0.0699999999999994,14.285714285714409,0.060000000000002274
127,knowledge,59.96,60.42,9,0.46000000000000085,0.051111111111111204,19.565217391304312,0.05999999999999517
128,across,60.48,61.04,6,0.5600000000000023,0.09333333333333371,10.714285714285671,1.0399999999999991
129,across,62.08,62.48,6,0.3999999999999986,0.06666666666666643,15.000000000000053,0.04000000000000625
130,minds,62.52,62.9,5,0.37999999999999545,0.0759999999999991,13.157894736842263,0.35999999999999943
131,i,63.26,63.36,1,0.10000000000000142,0.10000000000000142,9.999999999999858,0.0799999999999983
132,can,63.44,63.54,3,0.10000000000000142,0.033333333333333805,29.999999999999574,0.0799999999999983
133,put,63.62,63.88,3,0.2600000000000051,0.08666666666666838,11.538461538461311,0.1600000000000037
134,a,64.04,64.18,1,0.14000000000000057,0.14000000000000057,7.142857142857114,0.29999999999999716
135,bizarre,64.48,64.84,7,0.35999999999999943,0.051428571428571344,19.444444444444475,0.0799999999999983
136,new,64.92,65.02,3,0.09999999999999432,0.03333333333333144,30.000000000001705,0.060000000000002274
137,idea,65.08,65.4,4,0.3200000000000074,0.08000000000000185,12.499999999999712,0.05999999999998806
138,in,65.46,65.52,2,0.060000000000002274,0.030000000000001137,33.33333333333207,0.04000000000000625
139,your,65.56,65.64,4,0.0799999999999983,0.019999999999999574,50.000000000001066,0.04000000000000625
140,mind,65.68,65.9,4,0.21999999999999886,0.054999999999999716,18.181818181818276,0.01999999999999602
141,right,65.92,66.04,5,0.12000000000000455,0.02400000000000091,41.66666666666509,0.01999999999999602
142,now,66.06,66.24,3,0.1799999999999926,0.059999999999997534,16.66666666666735,0.04000000000000625
143,i,66.28,66.32,1,0.03999999999999204,0.03999999999999204,25.000000000004974,0.0800000000000125
144,could,66.4,66.52,5,0.11999999999999034,0.023999999999998068,41.666666666670025,0.0799999999999983
145,say,66.6,66.9,3,0.30000000000001137,0.1000000000000038,9.999999999999622,1.4399999999999977
146,imagine,68.34,68.92,7,0.5799999999999983,0.08285714285714262,12.068965517241415,0.060000000000002274
147,a,68.98,69.04,1,0.060000000000002274,0.060000000000002274,16.666666666666035,0.21999999999999886
148,jelly,69.26,69.58,5,0.3199999999999932,0.06399999999999864,15.625000000000334,0.060000000000002274
149,fish,69.64,69.98,4,0.3400000000000034,0.08500000000000085,11.764705882352823,0.14000000000000057
150,walting,70.12,70.6,7,0.47999999999998977,0.0685714285714271,14.583333333333645,0.020000000000010232
151,in,70.62,70.7,2,0.0799999999999983,0.03999999999999915,25.000000000000533,0.03999999999999204
152,a,70.74,70.78,1,0.04000000000000625,0.04000000000000625,24.999999999996092,0.060000000000002274
153,library,70.84,71.48,7,0.6400000000000006,0.09142857142857151,10.937499999999991,0.11999999999999034
154,while,71.6,71.86,5,0.2600000000000051,0.052000000000001025,19.230769230768853,0.29999999999999716
155,thinking,72.16,72.46,8,0.29999999999999716,0.037499999999999645,26.66666666666692,0.020000000000010232
156,about,72.48,72.68,5,0.20000000000000284,0.04000000000000057,24.999999999999645,0.03999999999999204
157,quantum,72.72,73.04,7,0.3200000000000074,0.04571428571428677,21.874999999999496,0.01999999999999602
158,mechanics,73.06,73.6,9,0.539999999999992,0.05999999999999912,16.666666666666913,1.7000000000000028
159,now,75.3,75.46,3,0.1599999999999966,0.0533333333333322,18.7500000000004,0.10000000000000853
160,if,75.56,75.68,2,0.12000000000000455,0.060000000000002274,16.666666666666035,0.03999999999999204
161,everything,75.72,76.08,10,0.35999999999999943,0.03599999999999994,27.77777777777782,0.04000000000000625
162,has,76.12,76.24,3,0.11999999999999034,0.03999999999999678,25.000000000002014,0.020000000000010232
163,gone,76.26,76.4,4,0.14000000000000057,0.03500000000000014,28.571428571428456,0.05999999999998806
164,relatively,76.46,76.88,10,0.4200000000000017,0.04200000000000017,23.809523809523714,0.060000000000002274
165,well,76.94,77.12,4,0.18000000000000682,0.045000000000001705,22.22222222222138,0.01999999999999602
166,in,77.14,77.2,2,0.060000000000002274,0.030000000000001137,33.33333333333207,0.01999999999999602
167,your,77.22,77.32,4,0.09999999999999432,0.02499999999999858,40.000000000002274,0.04000000000000625
168,life,77.36,77.56,4,0.20000000000000284,0.05000000000000071,19.999999999999716,0.060000000000002274
169,so,77.62,77.72,2,0.09999999999999432,0.04999999999999716,20.000000000001137,0.09999999999999432
170,far,77.82,78.08,3,0.2600000000000051,0.08666666666666838,11.538461538461311,0.060000000000002274
171,you,78.14,78.2,3,0.060000000000002274,0.020000000000000757,49.9999999999981,0.060000000000002274
172,probably,78.26,78.52,8,0.2599999999999909,0.03249999999999886,30.769230769231847,0.060000000000002274
173,haven't,78.58,78.78,7,0.20000000000000284,0.028571428571428976,34.9999999999995,0.03999999999999204
174,had,78.82,78.92,3,0.10000000000000853,0.03333333333333618,29.999999999997442,0.03999999999999204
175,that,78.96,79.08,4,0.12000000000000455,0.030000000000001137,33.33333333333207,0.04000000000000625
176,thought,79.12,79.3,7,0.1799999999999926,0.02571428571428466,38.888888888890484,0.04000000000000625
177,before,79.34,79.66,6,0.3199999999999932,0.0533333333333322,18.7500000000004,1.6000000000000085
178,but,81.26,81.4,3,0.14000000000000057,0.046666666666666856,21.428571428571342,0.05999999999998806
179,now,81.46,81.62,3,0.1600000000000108,0.05333333333333693,18.749999999998735,0.03999999999999204
180,i've,81.66,81.76,4,0.10000000000000853,0.02500000000000213,39.99999999999659,0.03999999999999204
181,just,81.8,81.94,4,0.14000000000000057,0.03500000000000014,28.571428571428456,0.060000000000002274
182,made,82.0,82.16,4,0.1599999999999966,0.03999999999999915,25.000000000000533,0.020000000000010232
183,you,82.18,82.24,3,0.05999999999998806,0.01999999999999602,50.00000000000995,0.060000000000002274
184,think,82.3,82.44,5,0.14000000000000057,0.028000000000000115,35.714285714285566,0.0799999999999983
185,it,82.52,82.62,2,0.10000000000000853,0.05000000000000426,19.999999999998295,0.19999999999998863
186,through,82.82,82.98,7,0.1600000000000108,0.0228571428571444,43.749999999997044,0.060000000000002274
187,language,83.04,83.5,8,0.45999999999999375,0.05749999999999922,17.391304347826324,1.1599999999999966
188,now,84.66,84.76,3,0.10000000000000853,0.03333333333333618,29.999999999997442,0.01999999999999602
189,of,84.78,84.8,2,0.01999999999999602,0.00999999999999801,100.0000000000199,0.01999999999999602
190,course,84.82,85.02,6,0.20000000000000284,0.033333333333333805,29.999999999999574,0.04000000000000625
191,there,85.06,85.2,5,0.14000000000000057,0.028000000000000115,35.714285714285566,0.0
192,isn't,85.2,85.36,5,0.1599999999999966,0.03199999999999932,31.250000000000668,0.060000000000002274
193,just,85.42,85.52,4,0.09999999999999432,0.02499999999999858,40.000000000002274,0.060000000000002274
194,one,85.58,85.74,3,0.1599999999999966,0.0533333333333322,18.7500000000004,0.04000000000000625
195,language,85.78,86.06,8,0.28000000000000114,0.03500000000000014,28.571428571428456,0.01999999999999602
196,in,86.08,86.14,2,0.060000000000002274,0.030000000000001137,33.33333333333207,0.01999999999999602
197,the,86.16,86.22,3,0.060000000000002274,0.020000000000000757,49.9999999999981,0.04000000000000625
198,world,86.26,86.48,5,0.21999999999999886,0.043999999999999775,22.727272727272844,0.03999999999999204
199,they're,86.52,86.6,7,0.0799999999999983,0.011428571428571186,87.50000000000186,0.020000000000010232
200,about,86.62,86.82,5,0.19999999999998863,0.039999999999997725,25.00000000000142,0.0800000000000125
201,seven,86.9,87.12,5,0.21999999999999886,0.043999999999999775,22.727272727272844,0.03999999999999204
202,thousand,87.16,87.46,8,0.29999999999999716,0.037499999999999645,26.66666666666692,0.04000000000000625
203,languages,87.5,87.92,9,0.4200000000000017,0.046666666666666856,21.428571428571342,0.03999999999999204
204,spoken,87.96,88.28,6,0.3200000000000074,0.053333333333334565,18.749999999999567,0.01999999999999602
205,around,88.3,88.5,6,0.20000000000000284,0.033333333333333805,29.999999999999574,0.04000000000000625
206,the,88.54,88.58,3,0.03999999999999204,0.01333333333333068,75.00000000001492,0.04000000000000625
207,world,88.62,88.94,5,0.3199999999999932,0.06399999999999864,15.625000000000334,0.4200000000000017
208,and,89.36,89.66,3,0.29999999999999716,0.09999999999999905,10.000000000000094,0.20000000000000284
209,all,89.86,90.02,3,0.1599999999999966,0.0533333333333322,18.7500000000004,0.04000000000000625
210,the,90.06,90.1,3,0.03999999999999204,0.01333333333333068,75.00000000001492,0.060000000000002274
211,language,90.16,90.48,8,0.3200000000000074,0.040000000000000924,24.999999999999424,0.0
212,is,90.48,90.54,2,0.060000000000002274,0.030000000000001137,33.33333333333207,0.03999999999999204
213,different,90.58,90.8,9,0.21999999999999886,0.024444444444444317,40.90909090909112,0.04000000000000625
214,from,90.84,90.96,4,0.11999999999999034,0.029999999999997584,33.333333333336014,0.060000000000002274
215,one,91.02,91.14,3,0.12000000000000455,0.040000000000001514,24.99999999999905,0.01999999999999602
216,and,91.16,91.24,3,0.0799999999999983,0.0266666666666661,37.5000000000008,0.020000000000010232
217,other,91.26,91.44,5,0.1799999999999926,0.03599999999999852,27.77777777777892,0.01999999999999602
218,in,91.46,91.52,2,0.060000000000002274,0.030000000000001137,33.33333333333207,0.060000000000002274
219,all,91.58,91.7,3,0.12000000000000455,0.040000000000001514,24.99999999999905,0.03999999999999204
220,kinds,91.74,92.0,5,0.2600000000000051,0.052000000000001025,19.230769230768853,0.01999999999999602
221,of,92.02,92.08,2,0.060000000000002274,0.030000000000001137,33.33333333333207,0.04000000000000625
222,ways,92.12,92.44,4,0.3199999999999932,0.0799999999999983,12.500000000000266,0.35999999999999943
223,some,92.8,92.96,4,0.1599999999999966,0.03999999999999915,25.000000000000533,0.060000000000002274
224,languages,93.02,93.46,9,0.4399999999999977,0.048888888888888635,20.45454545454556,0.060000000000002274
225,have,93.52,93.84,4,0.3200000000000074,0.08000000000000185,12.499999999999712,0.1799999999999926
226,um,94.02,94.16,2,0.14000000000000057,0.07000000000000028,14.285714285714228,1.3599999999999994
227,different,95.52,95.82,9,0.29999999999999716,0.03333333333333302,30.000000000000284,0.04000000000000625
228,sounds,95.86,96.36,6,0.5,0.08333333333333333,12.0,0.04000000000000625
229,they,96.4,96.48,4,0.0799999999999983,0.019999999999999574,50.000000000001066,0.060000000000002274
230,have,96.54,96.64,4,0.09999999999999432,0.02499999999999858,40.000000000002274,0.060000000000002274
231,different,96.7,96.94,9,0.23999999999999488,0.0266666666666661,37.5000000000008,0.04000000000000625
232,vocabularies,96.98,97.84,12,0.8599999999999994,0.07166666666666661,13.953488372093032,0.21999999999999886
233,and,98.06,98.14,3,0.0799999999999983,0.0266666666666661,37.5000000000008,0.0
234,they,98.14,98.2,4,0.060000000000002274,0.015000000000000568,66.66666666666414,0.060000000000002274
235,also,98.26,98.44,4,0.1799999999999926,0.04499999999999815,22.222222222223134,0.060000000000002274
236,have,98.5,98.6,4,0.09999999999999432,0.02499999999999858,40.000000000002274,0.04000000000000625
237,different,98.64,98.9,9,0.2600000000000051,0.028888888888889457,34.61538461538393,0.03999999999999204
238,structures,98.94,99.58,10,0.6400000000000006,0.06400000000000006,15.624999999999986,0.20000000000000284
239,very,99.78,99.96,4,0.1799999999999926,0.04499999999999815,22.222222222223134,0.04000000000000625
240,importantly,100.0,100.44,11,0.4399999999999977,0.03999999999999979,25.000000000000128,0.0799999999999983
241,different,100.52,100.78,9,0.2600000000000051,0.028888888888889457,34.61538461538393,0.01999999999999602
242,structures,100.8,101.34,10,0.5400000000000063,0.054000000000000624,18.518518518518302,1.5799999999999983
243,that,102.92,103.08,4,0.1599999999999966,0.03999999999999915,25.000000000000533,0.060000000000002274
244,begs,103.14,103.34,4,0.20000000000000284,0.05000000000000071,19.999999999999716,0.03999999999999204
245,the,103.38,103.44,3,0.060000000000002274,0.020000000000000757,49.9999999999981,0.04000000000000625
246,question,103.48,103.9,8,0.4200000000000017,0.05250000000000021,19.04761904761897,0.03999999999999204
247,does,103.94,104.08,4,0.14000000000000057,0.03500000000000014,28.571428571428456,0.04000000000000625
248,the,104.12,104.16,3,0.03999999999999204,0.01333333333333068,75.00000000001492,0.060000000000002274
249,language,104.22,104.54,8,0.3200000000000074,0.040000000000000924,24.999999999999424,0.01999999999999602
250,we,104.56,104.64,2,0.0799999999999983,0.03999999999999915,25.000000000000533,0.04000000000000625
251,speak,104.68,104.94,5,0.2599999999999909,0.05199999999999818,19.230769230769905,0.04000000000000625
252,shaped,104.98,105.22,6,0.23999999999999488,0.03999999999999915,25.000000000000533,0.01999999999999602
253,the,105.24,105.3,3,0.060000000000002274,0.020000000000000757,49.9999999999981,0.04000000000000625
254,way,105.34,105.48,3,0.14000000000000057,0.046666666666666856,21.428571428571342,0.03999999999999204
255,we,105.52,105.6,2,0.0799999999999983,0.03999999999999915,25.000000000000533,0.0800000000000125
256,think,105.68,105.96,5,0.2799999999999869,0.055999999999997385,17.857142857143693,0.7600000000000051
257,now,106.72,106.84,3,0.12000000000000455,0.040000000000001514,24.99999999999905,0.03999999999999204
258,this,106.88,107.04,4,0.1600000000000108,0.0400000000000027,24.999999999998312,0.01999999999999602
259,is,107.06,107.2,2,0.14000000000000057,0.07000000000000028,14.285714285714228,0.03999999999999204
260,an,107.24,107.32,2,0.0799999999999983,0.03999999999999915,25.000000000000533,0.1600000000000108
261,ancient,107.48,107.84,7,0.35999999999999943,0.051428571428571344,19.444444444444475,0.03999999999999204
262,question,107.88,108.16,8,0.28000000000000114,0.03500000000000014,28.571428571428456,0.04000000000000625
263,people,108.2,108.4,6,0.20000000000000284,0.033333333333333805,29.999999999999574,0.0799999999999983
264,have,108.48,108.56,4,0.0799999999999983,0.019999999999999574,50.000000000001066,0.03999999999999204
265,been,108.6,108.7,4,0.10000000000000853,0.02500000000000213,39.99999999999659,0.060000000000002274
266,speculating,108.76,109.34,11,0.5799999999999983,0.052727272727272574,18.965517241379366,0.01999999999999602
267,about,109.36,109.54,5,0.18000000000000682,0.036000000000001364,27.777777777776723,0.01999999999999602
268,this,109.56,109.68,4,0.12000000000000455,0.030000000000001137,33.33333333333207,0.01999999999999602
269,question,109.7,109.98,8,0.28000000000000114,0.03500000000000014,28.571428571428456,0.03999999999999204
270,for,110.02,110.14,3,0.12000000000000455,0.040000000000001514,24.99999999999905,0.12000000000000455
271,forever,110.26,110.78,7,0.519999999999996,0.07428571428571372,13.461538461538565,0.4399999999999977
272,ah,111.22,111.38,2,0.1599999999999966,0.0799999999999983,12.500000000000266,0.20000000000000284
273,charlie,111.58,111.88,7,0.29999999999999716,0.04285714285714245,23.333333333333556,0.04000000000000625
274,mong,111.92,112.22,4,0.29999999999999716,0.07499999999999929,13.33333333333346,0.1599999999999966
275,holy,112.38,112.6,4,0.21999999999999886,0.054999999999999716,18.181818181818276,0.020000000000010232
276,roman,112.62,112.86,5,0.23999999999999488,0.047999999999998974,20.833333333333776,0.01999999999999602
277,emperor,112.88,113.26,7,0.38000000000000966,0.054285714285715665,18.42105263157848,0.05999999999998806
278,said,113.32,113.58,4,0.2600000000000051,0.06500000000000128,15.384615384615081,0.3200000000000074
279,to,113.9,113.98,2,0.0799999999999983,0.03999999999999915,25.000000000000533,0.060000000000002274
280,have,114.04,114.18,4,0.14000000000000057,0.03500000000000014,28.571428571428456,0.01999999999999602
281,a,114.2,114.24,1,0.03999999999999204,0.03999999999999204,25.000000000004974,0.04000000000000625
282,second,114.28,114.56,6,0.28000000000000114,0.046666666666666856,21.428571428571342,0.03999999999999204
283,language,114.6,114.94,8,0.3400000000000034,0.042500000000000426,23.529411764705646,0.01999999999999602
284,is,114.96,115.02,2,0.060000000000002274,0.030000000000001137,33.33333333333207,0.020000000000010232
285,to,115.04,115.12,2,0.0799999999999983,0.03999999999999915,25.000000000000533,0.03999999999999204
286,have,115.16,115.32,4,0.1599999999999966,0.03999999999999915,25.000000000000533,0.020000000000010232
287,a,115.34,115.38,1,0.03999999999999204,0.03999999999999204,25.000000000004974,0.04000000000000625
288,second,115.42,115.7,6,0.28000000000000114,0.046666666666666856,21.428571428571342,0.03999999999999204
289,soul,115.74,116.06,4,0.3200000000000074,0.08000000000000185,12.499999999999712,1.0
290,strong,117.06,117.36,6,0.29999999999999716,0.049999999999999524,20.00000000000019,0.04000000000000625
291,statement,117.4,117.78,9,0.37999999999999545,0.04222222222222172,23.684210526316072,0.01999999999999602
292,that,117.8,117.88,4,0.0799999999999983,0.019999999999999574,50.000000000001066,0.04000000000000625
293,language,117.92,118.26,8,0.3400000000000034,0.042500000000000426,23.529411764705646,0.05999999999998806
294,crafts,118.32,118.74,6,0.4200000000000017,0.07000000000000028,14.285714285714228,0.04000000000000625
295,reality,118.78,119.26,7,0.480000000000004,0.06857142857142914,14.583333333333213,0.7399999999999949
296,but,120.0,120.12,3,0.12000000000000455,0.040000000000001514,24.99999999999905,0.03999999999999204
297,on,120.16,120.22,2,0.060000000000002274,0.030000000000001137,33.33333333333207,0.04000000000000625
298,the,120.26,120.3,3,0.03999999999999204,0.01333333333333068,75.00000000001492,0.04000000000000625
299,other,120.34,120.48,5,0.14000000000000057,0.028000000000000115,35.714285714285566,0.03999999999999204
300,hand,120.52,120.86,4,0.3400000000000034,0.08500000000000085,11.764705882352823,0.12000000000000455
301,shakespeare,120.98,121.56,11,0.5799999999999983,0.052727272727272574,18.965517241379366,0.03999999999999204
302,has,121.6,121.78,3,0.18000000000000682,0.060000000000002274,16.666666666666035,0.060000000000002274
303,juliet,121.84,122.22,6,0.37999999999999545,0.06333333333333258,15.789473684210716,0.04000000000000625
304,say,122.26,122.58,3,0.3199999999999932,0.1066666666666644,9.3750000000002,0.519999999999996
305,what's,123.1,123.36,6,0.2600000000000051,0.04333333333333419,23.076923076922622,0.01999999999999602
306,in,123.38,123.44,2,0.060000000000002274,0.030000000000001137,33.33333333333207,0.04000000000000625
307,a,123.48,123.54,1,0.060000000000002274,0.060000000000002274,16.666666666666035,0.03999999999999204
308,name,123.58,123.9,4,0.3200000000000074,0.08000000000000185,12.499999999999712,0.19999999999998863
309,a,124.1,124.16,1,0.060000000000002274,0.060000000000002274,16.666666666666035,0.04000000000000625
310,rose,124.2,124.46,4,0.2599999999999909,0.06499999999999773,15.384615384615923,0.020000000000010232
311,by,124.48,124.58,2,0.09999999999999432,0.04999999999999716,20.000000000001137,0.060000000000002274
312,any,124.64,124.8,3,0.1599999999999966,0.0533333333333322,18.7500000000004,0.04000000000000625
313,other,124.84,125.02,5,0.1799999999999926,0.03599999999999852,27.77777777777892,0.04000000000000625
314,name,125.06,125.24,4,0.1799999999999926,0.04499999999999815,22.222222222223134,0.020000000000010232
315,with,125.26,125.36,4,0.09999999999999432,0.02499999999999858,40.000000000002274,0.060000000000002274
316,smell,125.42,125.72,5,0.29999999999999716,0.05999999999999943,16.666666666666824,0.0
317,as,125.72,125.82,2,0.09999999999999432,0.04999999999999716,20.000000000001137,0.020000000000010232
318,sweet,125.84,126.18,5,0.3400000000000034,0.06800000000000068,14.705882352941028,1.3199999999999932
319,well,127.5,127.64,4,0.14000000000000057,0.03500000000000014,28.571428571428456,0.04000000000000625
320,that,127.68,127.8,4,0.11999999999999034,0.029999999999997584,33.333333333336014,0.04000000000000625
321,suggests,127.84,128.24,8,0.4000000000000057,0.05000000000000071,19.999999999999716,0.060000000000002274
322,that,128.3,128.5,4,0.19999999999998863,0.04999999999999716,20.000000000001137,0.18000000000000682
323,maybe,128.68,128.88,5,0.19999999999998863,0.039999999999997725,25.00000000000142,0.060000000000002274
324,language,128.94,129.24,8,0.30000000000001137,0.03750000000000142,26.666666666665655,0.03999999999999204
325,doesn't,129.28,129.5,7,0.21999999999999886,0.031428571428571264,31.818181818181984,0.03999999999999204
326,craft,129.54,129.82,5,0.28000000000000114,0.05600000000000023,17.857142857142783,0.020000000000010232
327,reality,129.84,130.34,7,0.5,0.07142857142857142,14.0,0.5999999999999943
328,these,130.94,131.1,5,0.1599999999999966,0.03199999999999932,31.250000000000668,0.03999999999999204
329,arguments,131.14,131.54,9,0.4000000000000057,0.04444444444444508,22.49999999999968,0.020000000000010232
330,have,131.56,131.66,4,0.09999999999999432,0.02499999999999858,40.000000000002274,0.03999999999999204
331,gone,131.7,131.84,4,0.14000000000001478,0.035000000000003695,28.571428571425557,0.03999999999999204
332,back,131.88,132.06,4,0.18000000000000682,0.045000000000001705,22.22222222222138,0.03999999999999204
333,and,132.1,132.18,3,0.0800000000000125,0.026666666666670835,37.49999999999414,0.03999999999999204
334,forth,132.22,132.6,5,0.37999999999999545,0.0759999999999991,13.157894736842263,0.060000000000002274
335,for,132.66,132.82,3,0.1599999999999966,0.0533333333333322,18.7500000000004,1.0200000000000102
336,thousands,133.84,134.22,9,0.37999999999999545,0.04222222222222172,23.684210526316072,0.020000000000010232
337,of,134.24,134.3,2,0.060000000000002274,0.030000000000001137,33.33333333333207,0.060000000000002274
338,years,134.36,134.68,5,0.3199999999999932,0.06399999999999864,15.625000000000334,0.7399999999999807
339,but,135.42,135.52,3,0.10000000000002274,0.03333333333334091,29.99999999999318,0.03999999999999204
340,until,135.56,136.0,5,0.4399999999999977,0.08799999999999955,11.363636363636422,0.13999999999998636
341,recently,136.14,136.52,8,0.3800000000000239,0.047500000000002984,21.052631578946045,0.060000000000002274
342,there,136.58,136.68,5,0.09999999999999432,0.019999999999998862,50.00000000000284,0.03999999999999204
343,hasn't,136.72,136.94,6,0.21999999999999886,0.03666666666666648,27.272727272727412,0.03999999999999204
344,been,136.98,137.1,4,0.12000000000000455,0.030000000000001137,33.33333333333207,0.03999999999999204
345,any,137.14,137.32,3,0.18000000000000682,0.060000000000002274,16.666666666666035,0.060000000000002274
346,data,137.38,137.68,4,0.30000000000001137,0.07500000000000284,13.333333333332828,0.45999999999997954
347,to,138.14,138.22,2,0.0800000000000125,0.04000000000000625,24.999999999996092,0.060000000000002274
348,help,138.28,138.44,4,0.1599999999999966,0.03999999999999915,25.000000000000533,0.0
349,us,138.44,138.52,2,0.0800000000000125,0.04000000000000625,24.999999999996092,0.03999999999999204
350,decide,138.56,138.88,6,0.3199999999999932,0.0533333333333322,18.7500000000004,0.03999999999999204
351,either,138.92,139.14,6,0.21999999999999886,0.03666666666666648,27.272727272727412,0.040000000000020464
352,way,139.18,139.36,3,0.18000000000000682,0.060000000000002274,16.666666666666035,0.8999999999999773
353,recently,140.26,140.62,8,0.36000000000001364,0.045000000000001705,22.22222222222138,0.03999999999999204
354,in,140.66,140.72,2,0.060000000000002274,0.030000000000001137,33.33333333333207,0.03999999999999204
355,my,140.76,140.92,2,0.1599999999999966,0.0799999999999983,12.500000000000266,0.0800000000000125
356,lab,141.0,141.24,3,0.2400000000000091,0.08000000000000303,12.499999999999526,0.03999999999999204
357,and,141.28,141.34,3,0.060000000000002274,0.020000000000000757,49.9999999999981,0.03999999999999204
358,other,141.38,141.54,5,0.1599999999999966,0.03199999999999932,31.250000000000668,0.040000000000020464
359,labs,141.58,141.8,4,0.21999999999999886,0.054999999999999716,18.181818181818276,0.01999999999998181
360,around,141.82,141.98,6,0.1599999999999966,0.0266666666666661,37.5000000000008,0.020000000000010232
361,the,142.0,142.04,3,0.03999999999999204,0.01333333333333068,75.00000000001492,0.060000000000002274
362,world,142.1,142.42,5,0.3199999999999932,0.06399999999999864,15.625000000000334,0.040000000000020464
363,we've,142.46,142.58,5,0.12000000000000455,0.02400000000000091,41.66666666666509,0.01999999999998181
364,started,142.6,142.9,7,0.30000000000001137,0.04285714285714448,23.333333333332448,0.03999999999999204
365,doing,142.94,143.18,5,0.2400000000000091,0.04800000000000182,20.833333333332543,0.03999999999999204
366,research,143.22,143.62,8,0.4000000000000057,0.05000000000000071,19.999999999999716,0.01999999999998181
367,and,143.64,143.7,3,0.060000000000002274,0.020000000000000757,49.9999999999981,0.020000000000010232
368,now,143.72,143.84,3,0.12000000000000455,0.040000000000001514,24.99999999999905,0.03999999999999204
369,we,143.88,143.94,2,0.060000000000002274,0.030000000000001137,33.33333333333207,0.37999999999999545
370,have,144.32,144.5,4,0.18000000000000682,0.045000000000001705,22.22222222222138,0.3199999999999932
371,actual,144.82,145.12,6,0.30000000000001137,0.0500000000000019,19.999999999999243,0.060000000000002274
372,scientific,145.18,145.6,10,0.4199999999999875,0.04199999999999875,23.809523809524517,0.03999999999999204
373,data,145.64,145.96,4,0.3200000000000216,0.0800000000000054,12.499999999999156,0.5
374,to,146.46,146.64,2,0.1799999999999784,0.0899999999999892,11.111111111112445,0.7200000000000273
375,way,147.36,147.54,3,0.1799999999999784,0.0599999999999928,16.666666666668668,0.040000000000020464
376,and,147.58,147.64,3,0.05999999999997385,0.019999999999991285,50.00000000002179,0.040000000000020464
377,on,147.68,147.76,2,0.07999999999998408,0.03999999999999204,25.000000000004974,0.020000000000010232
378,this,147.78,147.88,4,0.09999999999999432,0.02499999999999858,40.000000000002274,0.060000000000002274
379,question,147.94,148.3,8,0.36000000000001364,0.045000000000001705,22.22222222222138,0.6199999999999761
380,so,148.92,149.04,2,0.12000000000000455,0.060000000000002274,16.666666666666035,0.18000000000000682
381,let,149.22,149.36,3,0.14000000000001478,0.046666666666671595,21.428571428569168,0.01999999999998181
382,me,149.38,149.44,2,0.060000000000002274,0.030000000000001137,33.33333333333207,0.060000000000002274
383,tell,149.5,149.66,4,0.1599999999999966,0.03999999999999915,25.000000000000533,0.020000000000010232
384,you,149.68,149.74,3,0.060000000000002274,0.020000000000000757,49.9999999999981,0.060000000000002274
385,what,149.8,149.88,4,0.07999999999998408,0.01999999999999602,50.00000000000995,0.03999999999999204
386,some,149.92,150.04,4,0.12000000000000455,0.030000000000001137,33.33333333333207,0.020000000000010232
387,of,150.06,150.12,2,0.060000000000002274,0.030000000000001137,33.33333333333207,0.03999999999999204
388,my,150.16,150.24,2,0.0800000000000125,0.04000000000000625,24.999999999996092,0.060000000000002274
389,favorite,150.3,150.58,8,0.28000000000000114,0.03500000000000014,28.571428571428456,0.01999999999998181
390,examples,150.6,151.1,8,0.5,0.0625,16.0,0.7199999999999989
391,i'll,151.82,151.98,4,0.1599999999999966,0.03999999999999915,25.000000000000533,0.020000000000010232
392,start,152.0,152.16,5,0.1599999999999966,0.03199999999999932,31.250000000000668,0.03999999999999204
393,with,152.2,152.3,4,0.10000000000002274,0.025000000000005684,39.999999999990905,0.01999999999998181
394,an,152.32,152.38,2,0.060000000000002274,0.030000000000001137,33.33333333333207,0.03999999999999204
395,example,152.42,152.9,7,0.4800000000000182,0.06857142857143117,14.583333333332781,0.09999999999999432
396,from,153.0,153.3,4,0.30000000000001137,0.07500000000000284,13.333333333332828,0.37999999999999545
397,an,153.68,153.76,2,0.07999999999998408,0.03999999999999204,25.000000000004974,0.0800000000000125
398,aboriginal,153.84,154.3,10,0.46000000000000796,0.0460000000000008,21.739130434782233,0.03999999999999204
399,community,154.34,154.72,9,0.37999999999999545,0.04222222222222172,23.684210526316072,0.03999999999999204
400,in,154.76,154.8,2,0.040000000000020464,0.020000000000010232,49.99999999997442,0.03999999999999204
401,australia,154.84,155.32,9,0.47999999999998977,0.0533333333333322,18.7500000000004,0.040000000000020464
402,that,155.36,155.46,4,0.09999999999999432,0.02499999999999858,40.000000000002274,0.03999999999999204
403,i,155.5,155.52,1,0.020000000000010232,0.020000000000010232,49.99999999997442,0.060000000000002274
404,had,155.58,155.68,3,0.09999999999999432,0.03333333333333144,30.000000000001705,0.01999999999998181
405,a,155.7,155.74,1,0.040000000000020464,0.040000000000020464,24.99999999998721,0.03999999999999204
406,chance,155.78,156.02,6,0.2400000000000091,0.040000000000001514,24.99999999999905,0.01999999999998181
407,to,156.04,156.12,2,0.0800000000000125,0.04000000000000625,24.999999999996092,0.03999999999999204
408,work,156.16,156.34,4,0.18000000000000682,0.045000000000001705,22.22222222222138,0.03999999999999204
409,with,156.38,156.58,4,0.20000000000001705,0.05000000000000426,19.999999999998295,0.29999999999998295
410,these,156.88,157.04,5,0.1599999999999966,0.03199999999999932,31.250000000000668,0.040000000000020464
411,are,157.08,157.14,3,0.05999999999997385,0.019999999999991285,50.00000000002179,0.020000000000010232
412,the,157.16,157.22,3,0.060000000000002274,0.020000000000000757,49.9999999999981,0.060000000000002274
413,cook,157.28,157.48,4,0.19999999999998863,0.04999999999999716,20.000000000001137,0.020000000000010232
414,tire,157.5,157.82,4,0.3199999999999932,0.0799999999999983,12.500000000000266,0.060000000000002274
415,people,157.88,158.24,6,0.36000000000001364,0.060000000000002274,16.666666666666035,0.07999999999998408
416,they,158.32,158.4,4,0.0800000000000125,0.020000000000003126,49.999999999992184,0.07999999999998408
417,live,158.48,158.72,4,0.2400000000000091,0.060000000000002274,16.666666666666035,0.0800000000000125
418,in,158.8,159.0,2,0.19999999999998863,0.09999999999999432,10.000000000000568,0.060000000000002274
419,pomperelle,159.06,159.82,10,0.7599999999999909,0.0759999999999991,13.157894736842263,0.060000000000002274
420,at,159.88,159.98,2,0.09999999999999432,0.04999999999999716,20.000000000001137,0.020000000000010232
421,the,160.0,160.06,3,0.060000000000002274,0.020000000000000757,49.9999999999981,0.07999999999998408
422,very,160.14,160.46,4,0.3200000000000216,0.0800000000000054,12.499999999999156,0.5
423,west,160.96,161.24,4,0.28000000000000114,0.07000000000000028,14.285714285714228,0.03999999999999204
424,edge,161.28,161.46,4,0.18000000000000682,0.045000000000001705,22.22222222222138,0.0
425,of,161.46,161.52,2,0.060000000000002274,0.030000000000001137,33.33333333333207,0.060000000000002274
426,cape,161.58,161.78,4,0.19999999999998863,0.04999999999999716,20.000000000001137,0.020000000000010232
427,york,161.8,162.16,4,0.3599999999999852,0.0899999999999963,11.111111111111567,1.240000000000009
428,and,163.4,163.5,3,0.09999999999999432,0.03333333333333144,30.000000000001705,0.020000000000010232
429,what's,163.52,163.64,6,0.11999999999997613,0.01999999999999602,50.00000000000995,0.040000000000020464
430,called,163.68,163.86,6,0.18000000000000682,0.030000000000001137,33.33333333333207,0.0
431,about,163.86,164.04,5,0.1799999999999784,0.03599999999999568,27.77777777778111,0.060000000000002274
432,crooked,164.1,164.32,7,0.21999999999999886,0.031428571428571264,31.818181818181984,0.0
433,tyre,164.32,164.7,4,0.37999999999999545,0.09499999999999886,10.52631578947381,0.060000000000002274
434,is,164.76,165.12,2,0.36000000000001364,0.18000000000000682,5.555555555555345,0.5
435,in,165.62,165.8,2,0.18000000000000682,0.09000000000000341,11.11111111111069,0.13999999999998636
436,cooktire,165.94,166.36,8,0.4200000000000159,0.05250000000000199,19.047619047618326,0.03999999999999204
437,they,166.4,166.46,4,0.060000000000002274,0.015000000000000568,66.66666666666414,0.060000000000002274
438,don't,166.52,166.66,5,0.13999999999998636,0.02799999999999727,35.7142857142892,0.03999999999999204
439,use,166.7,166.86,3,0.160000000000025,0.05333333333334167,18.74999999999707,0.03999999999999204
440,words,166.9,167.08,5,0.18000000000000682,0.036000000000001364,27.777777777776723,0.01999999999998181
441,like,167.1,167.22,4,0.12000000000000455,0.030000000000001137,33.33333333333207,0.03999999999999204
442,left,167.26,167.48,4,0.21999999999999886,0.054999999999999716,18.181818181818276,0.020000000000010232
443,and,167.5,167.58,3,0.0800000000000125,0.026666666666670835,37.49999999999414,0.03999999999999204
444,right,167.62,167.9,5,0.28000000000000114,0.05600000000000023,17.857142857142783,0.5799999999999841
445,and,168.48,168.62,3,0.14000000000001478,0.046666666666671595,21.428571428569168,0.03999999999999204
446,instead,168.66,168.98,7,0.3199999999999932,0.04571428571428474,21.875000000000465,0.060000000000002274
447,everything,169.04,169.44,10,0.4000000000000057,0.04000000000000057,24.999999999999645,0.060000000000002274
448,is,169.5,169.86,2,0.36000000000001364,0.18000000000000682,5.555555555555345,0.13999999999998636
449,in,170.0,170.12,2,0.12000000000000455,0.060000000000002274,16.666666666666035,0.09999999999999432
450,cardinal,170.22,170.6,8,0.37999999999999545,0.04749999999999943,21.05263157894762,0.03999999999999204
451,directions,170.64,171.22,10,0.5800000000000125,0.05800000000000125,17.241379310344456,0.28000000000000114
452,nor,171.5,171.7,3,0.19999999999998863,0.06666666666666288,15.000000000000853,0.040000000000020464
453,south,171.74,172.0,5,0.2599999999999909,0.05199999999999818,19.230769230769905,0.020000000000010232
454,east,172.02,172.24,4,0.21999999999999886,0.054999999999999716,18.181818181818276,0.0
455,and,172.24,172.32,3,0.07999999999998408,0.02666666666666136,37.50000000000746,0.040000000000020464
456,west,172.36,172.68,4,0.3199999999999932,0.0799999999999983,12.500000000000266,0.7399999999999807
457,and,173.42,173.52,3,0.10000000000002274,0.03333333333334091,29.99999999999318,0.01999999999998181
458,when,173.54,173.64,4,0.09999999999999432,0.02499999999999858,40.000000000002274,0.040000000000020464
459,i,173.68,173.72,1,0.03999999999999204,0.03999999999999204,25.000000000004974,0.0800000000000125
460,say,173.8,173.96,3,0.1599999999999966,0.0533333333333322,18.7500000000004,0.07999999999998408
461,everything,174.04,174.48,10,0.4399999999999977,0.043999999999999775,22.727272727272844,0.020000000000010232
462,i,174.5,174.56,1,0.060000000000002274,0.060000000000002274,16.666666666666035,0.12000000000000455
463,really,174.68,174.92,6,0.23999999999998067,0.03999999999999678,25.000000000002014,0.0800000000000125
464,mean,175.0,175.14,4,0.13999999999998636,0.03499999999999659,28.571428571431355,0.040000000000020464
465,everything,175.18,175.68,10,0.5,0.05,20.0,0.3599999999999852
466,you,176.04,176.14,3,0.09999999999999432,0.03333333333333144,30.000000000001705,0.060000000000002274
467,would,176.2,176.32,5,0.12000000000000455,0.02400000000000091,41.66666666666509,0.060000000000002274
468,say,176.38,176.54,3,0.1599999999999966,0.0533333333333322,18.7500000000004,0.0800000000000125
469,something,176.62,176.96,9,0.3400000000000034,0.03777777777777816,26.470588235293853,0.060000000000002274
470,like,177.02,177.28,4,0.2599999999999909,0.06499999999999773,15.384615384615923,0.2400000000000091
471,oh,177.52,177.64,2,0.11999999999997613,0.05999999999998806,16.666666666669983,0.0800000000000125
472,there's,177.72,177.94,7,0.21999999999999886,0.031428571428571264,31.818181818181984,0.03999999999999204
473,a,177.98,178.1,1,0.12000000000000455,0.12000000000000455,8.333333333333018,0.1599999999999966
474,an,178.26,178.38,2,0.12000000000000455,0.060000000000002274,16.666666666666035,0.0800000000000125
475,aunt,178.46,178.68,4,0.21999999999999886,0.054999999999999716,18.181818181818276,0.03999999999999204
476,on,178.72,178.8,2,0.0800000000000125,0.04000000000000625,24.999999999996092,0.03999999999999204
477,your,178.84,178.96,4,0.12000000000000455,0.030000000000001137,33.33333333333207,0.060000000000002274
478,southwest,179.02,179.52,9,0.5,0.05555555555555555,18.0,0.060000000000002274
479,leg,179.58,179.84,3,0.2599999999999909,0.08666666666666363,11.538461538461942,1.3599999999999852
480,or,181.2,181.48,2,0.28000000000000114,0.14000000000000057,7.142857142857114,0.20000000000001705
481,move,181.68,181.88,4,0.19999999999998863,0.04999999999999716,20.000000000001137,0.020000000000010232
482,your,181.9,182.02,4,0.12000000000000455,0.030000000000001137,33.33333333333207,0.01999999999998181
483,cup,182.04,182.24,3,0.20000000000001705,0.06666666666667236,14.999999999998721,0.03999999999999204
484,to,182.28,182.36,2,0.0800000000000125,0.04000000000000625,24.999999999996092,0.03999999999999204
485,the,182.4,182.46,3,0.060000000000002274,0.020000000000000757,49.9999999999981,0.060000000000002274
486,north,182.52,182.74,5,0.21999999999999886,0.043999999999999775,22.727272727272844,0.01999999999998181
487,northeast,182.76,183.16,9,0.4000000000000057,0.04444444444444508,22.49999999999968,0.020000000000010232
488,a,183.18,183.22,1,0.03999999999999204,0.03999999999999204,25.000000000004974,0.020000000000010232
489,little,183.24,183.42,6,0.1799999999999784,0.0299999999999964,33.333333333337336,0.040000000000020464
490,bit,183.46,183.64,3,0.1799999999999784,0.0599999999999928,16.666666666668668,0.8000000000000114
491,in,184.44,184.56,2,0.12000000000000455,0.060000000000002274,16.666666666666035,0.03999999999999204
492,fact,184.6,184.82,4,0.21999999999999886,0.054999999999999716,18.181818181818276,0.040000000000020464
493,the,184.86,184.92,3,0.05999999999997385,0.019999999999991285,50.00000000002179,0.060000000000002274
494,way,184.98,185.16,3,0.18000000000000682,0.060000000000002274,16.666666666666035,0.03999999999999204
495,that,185.2,185.34,4,0.14000000000001478,0.035000000000003695,28.571428571425557,0.03999999999999204
496,you,185.38,185.52,3,0.14000000000001478,0.046666666666671595,21.428571428569168,0.29999999999998295
497,say,185.82,185.92,3,0.09999999999999432,0.03333333333333144,30.000000000001705,0.060000000000002274
498,hello,185.98,186.2,5,0.21999999999999886,0.043999999999999775,22.727272727272844,0.060000000000002274
499,in,186.26,186.32,2,0.060000000000002274,0.030000000000001137,33.33333333333207,0.020000000000010232
500,quote,186.34,186.54,5,0.19999999999998863,0.039999999999997725,25.00000000000142,0.0
501,tire,186.54,186.92,4,0.37999999999999545,0.09499999999999886,10.52631578947381,0.0800000000000125
502,is,187.0,187.26,2,0.2599999999999909,0.12999999999999545,7.692307692307962,0.14000000000001478
503,you,187.4,187.5,3,0.09999999999999432,0.03333333333333144,30.000000000001705,0.09999999999999432
504,say,187.6,187.78,3,0.18000000000000682,0.060000000000002274,16.666666666666035,0.12000000000000455
505,which,187.9,188.04,5,0.13999999999998636,0.02799999999999727,35.7142857142892,0.040000000000020464
506,way,188.08,188.18,3,0.09999999999999432,0.03333333333333144,30.000000000001705,0.060000000000002274
507,you're,188.24,188.28,6,0.03999999999999204,0.00666666666666534,150.00000000002984,0.060000000000002274
508,going,188.34,188.62,5,0.28000000000000114,0.05600000000000023,17.857142857142783,0.46000000000000796
509,and,189.08,189.2,3,0.11999999999997613,0.03999999999999204,25.000000000004974,0.020000000000010232
510,the,189.22,189.28,3,0.060000000000002274,0.020000000000000757,49.9999999999981,0.060000000000002274
511,answer,189.34,189.58,6,0.2400000000000091,0.040000000000001514,24.99999999999905,0.05999999999997385
512,should,189.64,189.8,6,0.160000000000025,0.026666666666670835,37.49999999999414,0.03999999999999204
513,be,189.84,189.96,2,0.12000000000000455,0.060000000000002274,16.666666666666035,1.0999999999999943
514,north,191.06,191.24,5,0.18000000000000682,0.036000000000001364,27.777777777776723,0.01999999999998181
515,northeast,191.26,191.66,9,0.4000000000000057,0.04444444444444508,22.49999999999968,0.020000000000010232
516,in,191.68,191.74,2,0.060000000000002274,0.030000000000001137,33.33333333333207,0.01999999999998181
517,the,191.76,191.8,3,0.040000000000020464,0.013333333333340155,74.99999999996163,0.03999999999999204
518,far,191.84,192.0,3,0.1599999999999966,0.0533333333333322,18.7500000000004,0.060000000000002274
519,distance,192.06,192.42,8,0.3599999999999852,0.04499999999999815,22.222222222223134,0.020000000000010232
520,how,192.44,192.54,3,0.09999999999999432,0.03333333333333144,30.000000000001705,0.020000000000010232
521,bout,192.56,192.72,4,0.1599999999999966,0.03999999999999915,25.000000000000533,0.020000000000010232
522,you,192.74,192.84,3,0.09999999999999432,0.03333333333333144,30.000000000001705,1.3199999999999932
523,so,194.16,194.34,2,0.18000000000000682,0.09000000000000341,11.11111111111069,0.6800000000000068
524,imagine,195.02,195.46,7,0.4399999999999977,0.06285714285714253,15.909090909090992,0.03999999999999204
525,as,195.5,195.6,2,0.09999999999999432,0.04999999999999716,20.000000000001137,0.03999999999999204
526,you're,195.64,195.78,6,0.14000000000001478,0.023333333333335798,42.857142857138335,0.060000000000002274
527,walking,195.84,196.18,7,0.3400000000000034,0.04857142857142906,20.58823529411744,0.01999999999998181
528,around,196.2,196.54,6,0.3400000000000034,0.05666666666666723,17.647058823529235,0.020000000000010232
529,your,196.56,196.7,4,0.13999999999998636,0.03499999999999659,28.571428571431355,0.0800000000000125
530,day,196.78,197.18,3,0.4000000000000057,0.13333333333333522,7.499999999999893,0.18000000000000682
531,every,197.36,197.56,5,0.19999999999998863,0.039999999999997725,25.00000000000142,0.060000000000002274
532,person,197.62,197.94,6,0.3199999999999932,0.0533333333333322,18.7500000000004,0.03999999999999204
533,you,197.98,198.04,3,0.060000000000002274,0.020000000000000757,49.9999999999981,0.0800000000000125
534,greet,198.12,198.54,5,0.4199999999999875,0.0839999999999975,11.904761904762259,0.3400000000000034
535,you,198.88,198.98,3,0.09999999999999432,0.03333333333333144,30.000000000001705,0.060000000000002274
536,have,199.04,199.16,4,0.12000000000000455,0.030000000000001137,33.33333333333207,0.020000000000010232
537,to,199.18,199.24,2,0.060000000000002274,0.030000000000001137,33.33333333333207,0.07999999999998408
538,report,199.32,199.6,6,0.28000000000000114,0.046666666666666856,21.428571428571342,0.03999999999999204
539,your,199.64,199.74,4,0.10000000000002274,0.025000000000005684,39.999999999990905,0.03999999999999204
540,heading,199.78,200.02,7,0.2400000000000091,0.034285714285715585,29.166666666665563,0.03999999999999204
541,direction,200.06,200.54,9,0.47999999999998977,0.0533333333333322,18.7500000000004,1.6400000000000148
542,that,202.18,202.36,4,0.18000000000000682,0.045000000000001705,22.22222222222138,0.01999999999998181
543,would,202.38,202.48,5,0.09999999999999432,0.019999999999998862,50.00000000000284,0.060000000000002274
544,actually,202.54,202.9,8,0.36000000000001364,0.045000000000001705,22.22222222222138,0.07999999999998408
545,get,202.98,203.12,3,0.14000000000001478,0.046666666666671595,21.428571428569168,0.03999999999999204
546,your,203.16,203.26,4,0.09999999999999432,0.02499999999999858,40.000000000002274,0.040000000000020464
547,oriented,203.3,203.78,8,0.47999999999998977,0.05999999999999872,16.666666666667023,0.060000000000002274
548,pretty,203.84,204.04,6,0.19999999999998863,0.03333333333333144,30.000000000001705,0.0800000000000125
549,fast,204.12,204.64,4,0.5199999999999818,0.12999999999999545,7.692307692307962,0.10000000000002274
550,right,204.74,205.08,5,0.3400000000000034,0.06800000000000068,14.705882352941028,0.47999999999998977
551,because,205.56,206.06,7,0.5,0.07142857142857142,14.0,0.1599999999999966
552,you,206.22,206.32,3,0.09999999999999432,0.03333333333333144,30.000000000001705,0.21999999999999886
553,literally,206.54,206.9,9,0.36000000000001364,0.040000000000001514,24.99999999999905,0.060000000000002274
554,couldn't,206.96,207.2,8,0.23999999999998067,0.029999999999997584,33.333333333336014,0.040000000000020464
555,get,207.24,207.34,3,0.09999999999999432,0.03333333333333144,30.000000000001705,0.03999999999999204
556,past,207.38,207.68,4,0.30000000000001137,0.07500000000000284,13.333333333332828,0.03999999999999204
557,hello,207.72,208.08,5,0.36000000000001364,0.07200000000000273,13.888888888888362,0.8599999999999852
558,if,208.94,209.06,2,0.12000000000000455,0.060000000000002274,16.666666666666035,0.03999999999999204
559,you,209.1,209.18,3,0.0800000000000125,0.026666666666670835,37.49999999999414,0.060000000000002274
560,didn't,209.24,209.4,6,0.1599999999999966,0.0266666666666661,37.5000000000008,0.03999999999999204
561,know,209.44,209.58,4,0.14000000000001478,0.035000000000003695,28.571428571425557,0.01999999999998181
562,which,209.6,209.72,5,0.12000000000000455,0.02400000000000091,41.66666666666509,0.03999999999999204
563,way,209.76,209.86,3,0.10000000000002274,0.03333333333334091,29.99999999999318,0.01999999999998181
564,you're,209.88,210.0,6,0.12000000000000455,0.020000000000000757,49.9999999999981,0.060000000000002274
565,going,210.06,210.34,5,0.28000000000000114,0.05600000000000023,17.857142857142783,1.6800000000000068
566,in,212.02,212.12,2,0.09999999999999432,0.04999999999999716,20.000000000001137,0.03999999999999204
567,fact,212.16,212.32,4,0.1599999999999966,0.03999999999999915,25.000000000000533,0.040000000000020464
568,people,212.36,212.52,6,0.1599999999999966,0.0266666666666661,37.5000000000008,0.03999999999999204
569,who,212.56,212.64,3,0.07999999999998408,0.02666666666666136,37.50000000000746,0.040000000000020464
570,speak,212.68,212.88,5,0.19999999999998863,0.039999999999997725,25.00000000000142,0.03999999999999204
571,languages,212.92,213.3,9,0.3800000000000239,0.042222222222224874,23.684210526314303,0.03999999999999204
572,like,213.34,213.48,4,0.13999999999998636,0.03499999999999659,28.571428571431355,0.040000000000020464
573,this,213.52,213.64,4,0.11999999999997613,0.02999999999999403,33.333333333339965,0.040000000000020464
574,stay,213.68,213.88,4,0.19999999999998863,0.04999999999999716,20.000000000001137,0.060000000000002274
575,oriented,213.94,214.38,8,0.4399999999999977,0.054999999999999716,18.181818181818276,0.0800000000000125
576,really,214.46,214.74,6,0.28000000000000114,0.046666666666666856,21.428571428571342,0.060000000000002274
577,really,214.8,215.0,6,0.19999999999998863,0.03333333333333144,30.000000000001705,0.03999999999999204
578,well,215.04,215.2,4,0.1599999999999966,0.03999999999999915,25.000000000000533,0.040000000000020464
579,they,215.24,215.32,4,0.07999999999998408,0.01999999999999602,50.00000000000995,0.060000000000002274
580,stay,215.38,215.58,4,0.20000000000001705,0.05000000000000426,19.999999999998295,0.01999999999998181
581,oriented,215.6,215.92,8,0.3199999999999932,0.03999999999999915,25.000000000000533,0.060000000000002274
582,better,215.98,216.22,6,0.2400000000000091,0.040000000000001514,24.99999999999905,0.03999999999999204
583,than,216.26,216.38,4,0.12000000000000455,0.030000000000001137,33.33333333333207,0.03999999999999204
584,we,216.42,216.5,2,0.0800000000000125,0.04000000000000625,24.999999999996092,0.09999999999999432
585,used,216.6,216.82,4,0.21999999999999886,0.054999999999999716,18.181818181818276,0.040000000000020464
586,to,216.86,216.94,2,0.07999999999998408,0.03999999999999204,25.000000000004974,0.14000000000001478
587,think,217.08,217.28,5,0.19999999999998863,0.039999999999997725,25.00000000000142,0.0800000000000125
588,humans,217.36,217.74,6,0.37999999999999545,0.06333333333333258,15.789473684210716,0.060000000000002274
589,could,217.8,218.14,5,0.339999999999975,0.067999999999995,14.705882352942258,0.7400000000000091
590,we,218.88,218.96,2,0.0800000000000125,0.04000000000000625,24.999999999996092,0.060000000000002274
591,used,219.02,219.16,4,0.13999999999998636,0.03499999999999659,28.571428571431355,0.020000000000010232
592,to,219.18,219.24,2,0.060000000000002274,0.030000000000001137,33.33333333333207,0.060000000000002274
593,think,219.3,219.44,5,0.13999999999998636,0.02799999999999727,35.7142857142892,0.03999999999999204
594,that,219.48,219.56,4,0.0800000000000125,0.020000000000003126,49.999999999992184,0.03999999999999204
595,humans,219.6,219.96,6,0.36000000000001364,0.060000000000002274,16.666666666666035,0.01999999999998181
596,were,219.98,220.1,4,0.12000000000000455,0.030000000000001137,33.33333333333207,0.03999999999999204
597,worse,220.14,220.42,5,0.28000000000000114,0.05600000000000023,17.857142857142783,0.0
598,than,220.42,220.52,4,0.10000000000002274,0.025000000000005684,39.999999999990905,0.03999999999999204
599,other,220.56,220.74,5,0.18000000000000682,0.036000000000001364,27.777777777776723,0.03999999999999204
600,creatures,220.78,221.22,9,0.4399999999999977,0.048888888888888635,20.45454545454556,0.03999999999999204
601,because,221.26,221.7,7,0.4399999999999977,0.06285714285714253,15.909090909090992,0.5800000000000125
602,some,222.28,222.42,4,0.13999999999998636,0.03499999999999659,28.571428571431355,0.040000000000020464
603,biological,222.46,222.98,10,0.5199999999999818,0.05199999999999818,19.230769230769905,0.020000000000010232
604,excuse,223.0,223.44,6,0.4399999999999977,0.07333333333333296,13.636363636363706,0.30000000000001137
605,we,223.74,223.78,2,0.03999999999999204,0.01999999999999602,50.00000000000995,0.060000000000002274
606,don't,223.84,223.96,5,0.12000000000000455,0.02400000000000091,41.66666666666509,0.03999999999999204
607,have,224.0,224.12,4,0.12000000000000455,0.030000000000001137,33.33333333333207,0.09999999999999432
608,magnets,224.22,224.66,7,0.4399999999999977,0.06285714285714253,15.909090909090992,0.020000000000010232
609,and,224.68,224.78,3,0.09999999999999432,0.03333333333333144,30.000000000001705,0.060000000000002274
610,our,224.84,224.92,3,0.07999999999998408,0.02666666666666136,37.50000000000746,0.0800000000000125
611,beeks,225.0,225.44,5,0.4399999999999977,0.08799999999999955,11.363636363636422,0.0800000000000125
612,or,225.52,225.6,2,0.07999999999998408,0.03999999999999204,25.000000000004974,0.0800000000000125
613,in,225.68,225.74,2,0.060000000000002274,0.030000000000001137,33.33333333333207,0.03999999999999204
614,our,225.78,225.9,3,0.12000000000000455,0.040000000000001514,24.99999999999905,0.060000000000002274
615,scales,225.96,226.44,6,0.47999999999998977,0.0799999999999983,12.500000000000266,0.4000000000000057
616,now,226.84,227.04,3,0.19999999999998863,0.06666666666666288,15.000000000000853,0.36000000000001364
617,if,227.4,227.54,2,0.13999999999998636,0.06999999999999318,14.285714285715677,0.040000000000020464
618,your,227.58,227.68,4,0.09999999999999432,0.02499999999999858,40.000000000002274,0.03999999999999204
619,language,227.72,228.06,8,0.3400000000000034,0.042500000000000426,23.529411764705646,0.020000000000010232
620,in,228.08,228.14,2,0.05999999999997385,0.029999999999986926,33.33333333334786,0.020000000000010232
621,your,228.16,228.26,4,0.09999999999999432,0.02499999999999858,40.000000000002274,0.020000000000010232
622,culture,228.28,228.58,7,0.30000000000001137,0.04285714285714448,23.333333333332448,0.05999999999997385
623,trains,228.64,228.98,6,0.3400000000000034,0.05666666666666723,17.647058823529235,0.020000000000010232
624,you,229.0,229.08,3,0.0800000000000125,0.026666666666670835,37.49999999999414,0.03999999999999204
625,to,229.12,229.18,2,0.060000000000002274,0.030000000000001137,33.33333333333207,0.07999999999998408
626,do,229.26,229.36,2,0.10000000000002274,0.05000000000001137,19.999999999995453,0.07999999999998408
627,it,229.44,229.58,2,0.14000000000001478,0.07000000000000739,14.285714285712778,0.19999999999998863
628,actually,229.78,230.2,8,0.4199999999999875,0.05249999999999844,19.047619047619616,0.2600000000000193
629,you,230.46,230.54,3,0.07999999999998408,0.02666666666666136,37.50000000000746,0.060000000000002274
630,can,230.6,230.68,3,0.0800000000000125,0.026666666666670835,37.49999999999414,0.060000000000002274
631,do,230.74,230.84,2,0.09999999999999432,0.04999999999999716,20.000000000001137,0.060000000000002274
632,it,230.9,231.0,2,0.09999999999999432,0.04999999999999716,20.000000000001137,0.060000000000002274
633,there,231.06,231.16,5,0.09999999999999432,0.019999999999998862,50.00000000000284,0.060000000000002274
634,humans,231.22,231.52,6,0.30000000000001137,0.0500000000000019,19.999999999999243,0.01999999999998181
635,around,231.54,231.72,6,0.18000000000000682,0.030000000000001137,33.33333333333207,0.020000000000010232
636,the,231.74,231.78,3,0.03999999999999204,0.01333333333333068,75.00000000001492,0.03999999999999204
637,world,231.82,232.0,5,0.18000000000000682,0.036000000000001364,27.777777777776723,0.020000000000010232
638,who,232.02,232.08,3,0.060000000000002274,0.020000000000000757,49.9999999999981,0.03999999999999204
639,stay,232.12,232.28,4,0.1599999999999966,0.03999999999999915,25.000000000000533,0.060000000000002274
640,oriented,232.34,232.74,8,0.4000000000000057,0.05000000000000071,19.999999999999716,0.01999999999998181
641,really,232.76,232.94,6,0.18000000000000682,0.030000000000001137,33.33333333333207,0.03999999999999204
642,well,232.98,233.2,4,0.21999999999999886,0.054999999999999716,18.181818181818276,0.6200000000000045
643,and,233.82,233.92,3,0.09999999999999432,0.03333333333333144,30.000000000001705,0.040000000000020464
644,just,233.96,234.1,4,0.13999999999998636,0.03499999999999659,28.571428571431355,0.03999999999999204
645,to,234.14,234.2,2,0.060000000000002274,0.030000000000001137,33.33333333333207,0.060000000000002274
646,get,234.26,234.42,3,0.1599999999999966,0.0533333333333322,18.7500000000004,0.040000000000020464
647,us,234.46,234.6,2,0.13999999999998636,0.06999999999999318,14.285714285715677,1.1599999999999966
648,in,235.76,235.86,2,0.10000000000002274,0.05000000000001137,19.999999999995453,0.03999999999999204
649,agreement,235.9,236.36,9,0.46000000000000796,0.051111111111111995,19.56521739130401,0.01999999999998181
650,about,236.38,236.72,5,0.3400000000000034,0.06800000000000068,14.705882352941028,0.060000000000002274
651,how,236.78,236.9,3,0.12000000000000455,0.040000000000001514,24.99999999999905,0.060000000000002274
652,different,236.96,237.26,9,0.29999999999998295,0.03333333333333144,30.000000000001705,0.020000000000010232
653,this,237.28,237.44,4,0.1599999999999966,0.03999999999999915,25.000000000000533,0.020000000000010232
654,is,237.46,237.58,2,0.12000000000000455,0.060000000000002274,16.666666666666035,0.03999999999999204
655,from,237.62,237.74,4,0.12000000000000455,0.030000000000001137,33.33333333333207,0.03999999999999204
656,the,237.78,237.84,3,0.060000000000002274,0.020000000000000757,49.9999999999981,0.03999999999999204
657,way,237.88,238.02,3,0.14000000000001478,0.046666666666671595,21.428571428569168,0.03999999999999204
658,we,238.06,238.14,2,0.07999999999998408,0.03999999999999204,25.000000000004974,0.10000000000002274
659,do,238.24,238.32,2,0.07999999999998408,0.03999999999999204,25.000000000004974,0.09999999999999432
660,it,238.42,238.56,2,0.14000000000001478,0.07000000000000739,14.285714285712778,0.3199999999999932
661,i,238.88,238.96,1,0.0800000000000125,0.0800000000000125,12.499999999998046,0.03999999999999204
662,want,239.0,239.14,4,0.13999999999998636,0.03499999999999659,28.571428571431355,0.020000000000010232
663,you,239.16,239.22,3,0.060000000000002274,0.020000000000000757,49.9999999999981,0.28000000000000114
664,to,239.5,239.56,2,0.060000000000002274,0.030000000000001137,33.33333333333207,0.07999999999998408
665,close,239.64,239.92,5,0.28000000000000114,0.05600000000000023,17.857142857142783,0.040000000000020464
666,your,239.96,240.08,4,0.12000000000000455,0.030000000000001137,33.33333333333207,0.05999999999997385
667,eyes,240.14,240.46,4,0.3200000000000216,0.0800000000000054,12.499999999999156,0.3199999999999932
668,for,240.78,240.86,3,0.0800000000000125,0.026666666666670835,37.49999999999414,0.03999999999999204
669,a,240.9,240.94,1,0.03999999999999204,0.03999999999999204,25.000000000004974,0.060000000000002274
670,second,241.0,241.4,6,0.4000000000000057,0.06666666666666761,14.999999999999787,1.4799999999999898
671,and,242.88,243.02,3,0.14000000000001478,0.046666666666671595,21.428571428569168,0.060000000000002274
672,point,243.08,243.32,5,0.23999999999998067,0.047999999999996136,20.833333333335013,0.060000000000002274
673,southeast,243.38,244.04,9,0.6599999999999966,0.07333333333333296,13.636363636363706,1.8600000000000136
674,car,245.9,246.14,3,0.23999999999998067,0.07999999999999356,12.500000000001007,0.060000000000002274
675,keep,246.2,246.34,4,0.14000000000001478,0.035000000000003695,28.571428571425557,0.020000000000010232
676,your,246.36,246.44,4,0.07999999999998408,0.01999999999999602,50.00000000000995,0.020000000000010232
677,eyes,246.46,246.62,4,0.1599999999999966,0.03999999999999915,25.000000000000533,0.03999999999999204
678,closed,246.66,246.9,6,0.2400000000000091,0.040000000000001514,24.99999999999905,3.219999999999999
679,okay,250.12,250.52,4,0.4000000000000057,0.10000000000000142,9.999999999999858,0.21999999999999886
680,so,250.74,250.84,2,0.09999999999999432,0.04999999999999716,20.000000000001137,0.03999999999999204
681,you,250.88,250.94,3,0.060000000000002274,0.020000000000000757,49.9999999999981,0.060000000000002274
682,can,251.0,251.1,3,0.09999999999999432,0.03333333333333144,30.000000000001705,0.060000000000002274
683,open,251.16,251.42,4,0.2599999999999909,0.06499999999999773,15.384615384615923,0.040000000000020464
684,your,251.46,251.6,4,0.13999999999998636,0.03499999999999659,28.571428571431355,0.020000000000010232
685,eyes,251.62,251.96,4,0.3400000000000034,0.08500000000000085,11.764705882352823,0.19999999999998863
686,i,252.16,252.26,1,0.09999999999999432,0.09999999999999432,10.000000000000568,0.0800000000000125
687,see,252.34,252.44,3,0.09999999999999432,0.03333333333333144,30.000000000001705,0.03999999999999204
688,you,252.48,252.56,3,0.0800000000000125,0.026666666666670835,37.49999999999414,0.03999999999999204
689,guys,252.6,252.82,4,0.21999999999999886,0.054999999999999716,18.181818181818276,0.060000000000002274
690,planning,252.88,253.24,8,0.36000000000001364,0.045000000000001705,22.22222222222138,0.060000000000002274
691,there,253.3,253.62,5,0.3199999999999932,0.06399999999999864,15.625000000000334,0.09999999999999432
692,there,253.72,254.12,5,0.4000000000000057,0.08000000000000114,12.499999999999822,0.09999999999999432
693,there,254.22,254.54,5,0.3199999999999932,0.06399999999999864,15.625000000000334,2.039999999999992
694,i,256.58,256.68,1,0.10000000000002274,0.10000000000002274,9.999999999997726,0.060000000000002274
695,don't,256.74,256.84,5,0.0999999999999659,0.01999999999999318,50.00000000001705,0.020000000000038654
696,know,256.86,256.96,4,0.0999999999999659,0.024999999999991473,40.00000000001364,0.040000000000020464
697,which,257.0,257.14,5,0.13999999999998636,0.02799999999999727,35.7142857142892,0.020000000000038654
698,way,257.16,257.28,3,0.1199999999999477,0.03999999999998257,25.000000000010896,0.020000000000038654
699,it,257.3,257.36,2,0.060000000000002274,0.030000000000001137,33.33333333333207,0.03999999999996362
700,is,257.4,257.5,2,0.10000000000002274,0.05000000000001137,19.999999999995453,0.040000000000020464
701,myself,257.54,258.02,6,0.47999999999996135,0.07999999999999356,12.500000000001007,2.080000000000041
702,you,260.1,260.22,3,0.12000000000000455,0.040000000000001514,24.99999999999905,0.0999999999999659
703,have,260.32,260.42,4,0.10000000000002274,0.025000000000005684,39.999999999990905,0.03999999999996362
704,not,260.46,260.64,3,0.18000000000000682,0.060000000000002274,16.666666666666035,0.040000000000020464
705,been,260.68,260.8,4,0.12000000000000455,0.030000000000001137,33.33333333333207,0.01999999999998181
706,a,260.82,260.88,1,0.060000000000002274,0.060000000000002274,16.666666666666035,0.01999999999998181
707,lot,260.9,261.06,3,0.160000000000025,0.05333333333334167,18.74999999999707,0.01999999999998181
708,of,261.08,261.12,2,0.040000000000020464,0.020000000000010232,49.99999999997442,0.060000000000002274
709,help,261.18,261.42,4,0.2400000000000091,0.060000000000002274,16.666666666666035,1.6800000000000068
710,so,263.1,263.2,2,0.0999999999999659,0.04999999999998295,20.00000000000682,0.060000000000002274
711,let's,263.26,263.44,5,0.18000000000000682,0.036000000000001364,27.777777777776723,0.040000000000020464
712,just,263.48,263.58,4,0.0999999999999659,0.024999999999991473,40.00000000001364,0.020000000000038654
713,say,263.6,263.72,3,0.12000000000000455,0.040000000000001514,24.99999999999905,0.05999999999994543
714,the,263.78,263.84,3,0.060000000000002274,0.020000000000000757,49.9999999999981,0.060000000000002274
715,accuracy,263.9,264.32,8,0.4200000000000159,0.05250000000000199,19.047619047618326,0.10000000000002274
716,in,264.42,264.46,2,0.03999999999996362,0.01999999999998181,50.000000000045475,0.020000000000038654
717,this,264.48,264.6,4,0.12000000000000455,0.030000000000001137,33.33333333333207,0.01999999999998181
718,room,264.62,264.78,4,0.15999999999996817,0.03999999999999204,25.000000000004974,0.040000000000020464
719,was,264.82,264.9,3,0.07999999999998408,0.02666666666666136,37.50000000000746,0.040000000000020464
720,not,264.94,265.06,3,0.12000000000000455,0.040000000000001514,24.99999999999905,0.07999999999998408
721,very,265.14,265.3,4,0.160000000000025,0.04000000000000625,24.999999999996092,0.060000000000002274
722,high,265.36,265.54,4,0.18000000000000682,0.045000000000001705,22.22222222222138,0.19999999999998863
723,this,265.74,265.9,4,0.15999999999996817,0.03999999999999204,25.000000000004974,0.020000000000038654
724,is,265.92,266.02,2,0.0999999999999659,0.04999999999998295,20.00000000000682,0.020000000000038654
725,a,266.04,266.1,1,0.060000000000002274,0.060000000000002274,16.666666666666035,0.17999999999994998
726,big,266.28,266.48,3,0.20000000000004547,0.06666666666668182,14.99999999999659,0.07999999999998408
727,difference,266.56,266.9,10,0.339999999999975,0.0339999999999975,29.411764705884515,0.020000000000038654
728,in,266.92,267.0,2,0.07999999999998408,0.03999999999999204,25.000000000004974,0.040000000000020464
729,cognitive,267.04,267.48,9,0.4399999999999977,0.048888888888888635,20.45454545454556,0.0
730,ability,267.48,267.84,7,0.3599999999999568,0.05142857142856526,19.444444444446777,0.020000000000038654
731,across,267.86,268.2,6,0.339999999999975,0.0566666666666625,17.64705882353071,0.10000000000002274
732,languages,268.3,268.82,9,0.5199999999999818,0.057777777777775756,17.307692307692914,0.060000000000002274
733,right,268.88,269.1,5,0.22000000000002728,0.04400000000000546,22.72727272726991,0.23999999999995225
734,where,269.34,269.48,5,0.1400000000000432,0.02800000000000864,35.714285714274695,0.07999999999998408
735,one,269.56,269.76,3,0.19999999999998863,0.06666666666666288,15.000000000000853,0.060000000000002274
736,group,269.82,270.22,5,0.4000000000000341,0.08000000000000682,12.499999999998934,0.7999999999999545
737,very,271.02,271.2,4,0.18000000000000682,0.045000000000001705,22.22222222222138,0.040000000000020464
738,distinguished,271.24,271.66,13,0.4200000000000159,0.03230769230769353,30.95238095237978,0.03999999999996362
739,group,271.7,271.86,5,0.160000000000025,0.032000000000005004,31.249999999995115,0.03999999999996362
740,like,271.9,272.04,4,0.1400000000000432,0.0350000000000108,28.571428571419755,0.01999999999998181
741,you,272.06,272.14,3,0.07999999999998408,0.02666666666666136,37.50000000000746,0.060000000000002274
742,guys,272.2,272.52,4,0.3199999999999932,0.0799999999999983,12.500000000000266,0.4000000000000341
743,doesn't,272.92,273.2,7,0.2799999999999727,0.0399999999999961,25.000000000002437,0.040000000000020464
744,know,273.24,273.38,4,0.13999999999998636,0.03499999999999659,28.571428571431355,0.040000000000020464
745,which,273.42,273.58,5,0.15999999999996817,0.03199999999999363,31.250000000006217,0.040000000000020464
746,ways,273.62,273.86,4,0.2400000000000091,0.060000000000002274,16.666666666666035,0.060000000000002274
747,which,273.92,274.2,5,0.2799999999999727,0.05599999999999454,17.8571428571446,0.07999999999998408
748,but,274.28,274.42,3,0.1400000000000432,0.04666666666668107,21.428571428564815,0.12000000000000455
749,in,274.54,274.66,2,0.12000000000000455,0.060000000000002274,16.666666666666035,0.03999999999996362
750,another,274.7,275.0,7,0.30000000000001137,0.04285714285714448,23.333333333332448,0.060000000000002274
751,group,275.06,275.36,5,0.30000000000001137,0.060000000000002274,16.666666666666035,0.5
752,i,275.86,275.94,1,0.07999999999998408,0.07999999999998408,12.500000000002487,0.060000000000002274
753,could,276.0,276.1,5,0.10000000000002274,0.02000000000000455,49.99999999998863,0.03999999999996362
754,ask,276.14,276.32,3,0.18000000000000682,0.060000000000002274,16.666666666666035,0.01999999999998181
755,a,276.34,276.38,1,0.040000000000020464,0.040000000000020464,24.99999999998721,0.07999999999998408
756,five,276.46,276.7,4,0.2400000000000091,0.060000000000002274,16.666666666666035,0.020000000000038654
757,year,276.72,276.86,4,0.13999999999998636,0.03499999999999659,28.571428571431355,0.0
758,old,276.86,277.04,3,0.18000000000000682,0.060000000000002274,16.666666666666035,0.01999999999998181
759,and,277.06,277.12,3,0.060000000000002274,0.020000000000000757,49.9999999999981,0.040000000000020464
760,they,277.16,277.22,4,0.060000000000002274,0.015000000000000568,66.66666666666414,0.05999999999994543
761,would,277.28,277.38,5,0.10000000000002274,0.02000000000000455,49.99999999998863,0.040000000000020464
762,know,277.42,277.58,4,0.15999999999996817,0.03999999999999204,25.000000000004974,1.6200000000000045
763,they're,279.2,279.32,7,0.12000000000000455,0.017142857142857792,58.333333333331126,0.01999999999998181
764,also,279.34,279.56,4,0.22000000000002728,0.05500000000000682,18.181818181815927,0.10000000000002274
765,really,279.66,279.88,6,0.21999999999997044,0.03666666666666174,27.272727272730936,0.10000000000002274
766,big,279.98,280.14,3,0.15999999999996817,0.05333333333332272,18.75000000000373,0.040000000000020464
767,differences,280.18,280.82,11,0.6399999999999864,0.05818181818181694,17.187500000000366,0.07999999999998408
768,in,280.9,281.02,2,0.12000000000000455,0.060000000000002274,16.666666666666035,0.08000000000004093
769,how,281.1,281.22,3,0.12000000000000455,0.040000000000001514,24.99999999999905,0.03999999999996362
770,people,281.26,281.44,6,0.18000000000000682,0.030000000000001137,33.33333333333207,0.060000000000002274
771,think,281.5,281.64,5,0.13999999999998636,0.02799999999999727,35.7142857142892,0.040000000000020464
772,about,281.68,281.88,5,0.19999999999998863,0.039999999999997725,25.00000000000142,0.060000000000002274
773,time,281.94,282.3,4,0.36000000000001364,0.09000000000000341,11.11111111111069,0.3199999999999932
774,so,282.62,282.8,2,0.18000000000000682,0.09000000000000341,11.11111111111069,0.5600000000000023
775,here,283.36,283.56,4,0.19999999999998863,0.04999999999999716,20.000000000001137,0.040000000000020464
776,i,283.6,283.64,1,0.03999999999996362,0.03999999999996362,25.000000000022737,0.10000000000002274
777,have,283.74,283.94,4,0.19999999999998863,0.04999999999999716,20.000000000001137,0.36000000000001364
778,pictures,284.3,284.64,8,0.339999999999975,0.042499999999996874,23.529411764707614,0.020000000000038654
779,of,284.66,284.72,2,0.060000000000002274,0.030000000000001137,33.33333333333207,0.03999999999996362
780,my,284.76,284.86,2,0.10000000000002274,0.05000000000001137,19.999999999995453,0.03999999999996362
781,grandfather,284.9,285.48,11,0.5800000000000409,0.052727272727276446,18.965517241377974,0.060000000000002274
782,at,285.54,285.58,2,0.03999999999996362,0.01999999999998181,50.000000000045475,0.040000000000020464
783,different,285.62,285.86,9,0.2400000000000091,0.026666666666667678,37.49999999999858,0.03999999999996362
784,ages,285.9,286.3,4,0.4000000000000341,0.10000000000000853,9.999999999999147,0.4200000000000159
785,and,286.72,287.06,3,0.339999999999975,0.113333333333325,8.823529411765355,0.160000000000025
786,if,287.22,287.36,2,0.13999999999998636,0.06999999999999318,14.285714285715677,0.03999999999996362
787,i,287.4,287.44,1,0.040000000000020464,0.040000000000020464,24.99999999998721,0.10000000000002274
788,ask,287.54,287.9,3,0.3599999999999568,0.1199999999999856,8.333333333334334,0.08000000000004093
789,an,287.98,288.12,2,0.13999999999998636,0.06999999999999318,14.285714285715677,0.040000000000020464
790,english,288.16,288.42,7,0.2599999999999909,0.03714285714285585,26.923076923077865,0.01999999999998181
791,speaker,288.44,288.76,7,0.3199999999999932,0.04571428571428474,21.875000000000465,0.060000000000002274
792,to,288.82,289.0,2,0.18000000000000682,0.09000000000000341,11.11111111111069,0.18000000000000682
793,organize,289.18,289.74,8,0.5600000000000023,0.07000000000000028,14.285714285714228,0.07999999999998408
794,time,289.82,290.16,4,0.34000000000003183,0.08500000000000796,11.764705882351839,0.03999999999996362
795,they,290.2,290.26,4,0.060000000000002274,0.015000000000000568,66.66666666666414,0.060000000000002274
796,might,290.32,290.48,5,0.160000000000025,0.032000000000005004,31.249999999995115,0.060000000000002274
797,lay,290.54,290.66,3,0.12000000000000455,0.040000000000001514,24.99999999999905,0.01999999999998181
798,it,290.68,290.74,2,0.060000000000002274,0.030000000000001137,33.33333333333207,0.01999999999998181
799,out,290.76,290.88,3,0.12000000000000455,0.040000000000001514,24.99999999999905,0.040000000000020464
800,this,290.92,291.06,4,0.13999999999998636,0.03499999999999659,28.571428571431355,0.01999999999998181
801,way,291.08,291.22,3,0.1400000000000432,0.04666666666668107,21.428571428564815,0.05999999999994543
802,from,291.28,291.44,4,0.160000000000025,0.04000000000000625,24.999999999996092,0.040000000000020464
803,left,291.48,291.68,4,0.19999999999998863,0.04999999999999716,20.000000000001137,0.040000000000020464
804,to,291.72,291.8,2,0.07999999999998408,0.03999999999999204,25.000000000004974,0.07999999999998408
805,write,291.88,292.18,5,0.30000000000001137,0.060000000000002274,16.666666666666035,0.2599999999999909
806,this,292.44,292.58,4,0.13999999999998636,0.03499999999999659,28.571428571431355,0.040000000000020464
807,has,292.62,292.72,3,0.10000000000002274,0.03333333333334091,29.99999999999318,0.01999999999998181
808,to,292.74,292.82,2,0.07999999999998408,0.03999999999999204,25.000000000004974,0.040000000000020464
809,do,292.86,292.92,2,0.060000000000002274,0.030000000000001137,33.33333333333207,0.060000000000002274
810,with,292.98,293.08,4,0.0999999999999659,0.024999999999991473,40.00000000001364,0.040000000000020464
811,writing,293.12,293.4,7,0.2799999999999727,0.0399999999999961,25.000000000002437,0.060000000000002274
812,direction,293.46,293.96,9,0.5,0.05555555555555555,18.0,0.3199999999999932
813,if,294.28,294.46,2,0.18000000000000682,0.09000000000000341,11.11111111111069,0.020000000000038654
814,you,294.48,294.62,3,0.13999999999998636,0.04666666666666212,21.428571428573516,0.21999999999997044
815,were,294.84,295.02,4,0.18000000000000682,0.045000000000001705,22.22222222222138,0.060000000000002274
816,speaker,295.08,295.38,7,0.30000000000001137,0.04285714285714448,23.333333333332448,0.0
817,of,295.38,295.42,2,0.040000000000020464,0.020000000000010232,49.99999999997442,0.060000000000002274
818,huber,295.48,295.86,5,0.37999999999999545,0.0759999999999991,13.157894736842263,0.0999999999999659
819,arabic,295.96,296.34,6,0.37999999999999545,0.06333333333333258,15.789473684210716,0.040000000000020464
820,you,296.38,296.44,3,0.060000000000002274,0.020000000000000757,49.9999999999981,0.060000000000002274
821,might,296.5,296.64,5,0.13999999999998636,0.02799999999999727,35.7142857142892,0.5
822,do,297.14,297.24,2,0.10000000000002274,0.05000000000001137,19.999999999995453,0.060000000000002274
823,it,297.3,297.4,2,0.0999999999999659,0.04999999999998295,20.00000000000682,0.1400000000000432
824,going,297.54,297.74,5,0.19999999999998863,0.039999999999997725,25.00000000000142,0.01999999999998181
825,in,297.76,297.82,2,0.060000000000002274,0.030000000000001137,33.33333333333207,0.01999999999998181
826,the,297.84,297.88,3,0.040000000000020464,0.013333333333340155,74.99999999996163,0.060000000000002274
827,opposite,297.94,298.3,8,0.36000000000001364,0.045000000000001705,22.22222222222138,0.03999999999996362
828,direction,298.34,298.78,9,0.4399999999999977,0.048888888888888635,20.45454545454556,0.10000000000002274
829,from,298.88,299.02,4,0.13999999999998636,0.03499999999999659,28.571428571431355,0.040000000000020464
830,right,299.06,299.22,5,0.160000000000025,0.032000000000005004,31.249999999995115,0.01999999999998181
831,to,299.24,299.3,2,0.060000000000002274,0.030000000000001137,33.33333333333207,0.060000000000002274
832,left,299.36,299.68,4,0.3199999999999932,0.0799999999999983,12.500000000000266,1.2199999999999704
833,ah,300.9,301.1,2,0.20000000000004547,0.10000000000002274,9.999999999997726,0.6599999999999682
834,how,301.76,301.92,3,0.160000000000025,0.05333333333334167,18.74999999999707,0.01999999999998181
835,would,301.94,302.06,5,0.12000000000000455,0.02400000000000091,41.66666666666509,0.01999999999998181
836,the,302.08,302.14,3,0.060000000000002274,0.020000000000000757,49.9999999999981,0.060000000000002274
837,cook,302.2,302.42,4,0.22000000000002728,0.05500000000000682,18.181818181815927,0.03999999999996362
838,tire,302.46,302.84,4,0.37999999999999545,0.09499999999999886,10.52631578947381,0.040000000000020464
839,this,302.88,303.0,4,0.12000000000000455,0.030000000000001137,33.33333333333207,0.040000000000020464
840,aboriginal,303.04,303.48,10,0.4399999999999977,0.043999999999999775,22.727272727272844,0.01999999999998181
841,group,303.5,303.7,5,0.19999999999998863,0.039999999999997725,25.00000000000142,0.020000000000038654
842,i,303.72,303.76,1,0.03999999999996362,0.03999999999996362,25.000000000022737,0.060000000000002274
843,just,303.82,303.94,4,0.12000000000000455,0.030000000000001137,33.33333333333207,0.040000000000020464
844,told,303.98,304.2,4,0.21999999999997044,0.05499999999999261,18.181818181820624,0.0
845,you,304.2,304.26,3,0.060000000000002274,0.020000000000000757,49.9999999999981,0.040000000000020464
846,about,304.3,304.5,5,0.19999999999998863,0.039999999999997725,25.00000000000142,0.10000000000002274
847,do,304.6,304.72,2,0.12000000000000455,0.060000000000002274,16.666666666666035,0.07999999999998408
848,it,304.8,304.92,2,0.12000000000000455,0.060000000000002274,16.666666666666035,0.0999999999999659
849,they,305.02,305.1,4,0.08000000000004093,0.020000000000010232,49.99999999997442,0.060000000000002274
850,don't,305.16,305.28,5,0.1199999999999477,0.02399999999998954,41.666666666684826,0.060000000000002274
851,use,305.34,305.5,3,0.160000000000025,0.05333333333334167,18.74999999999707,0.040000000000020464
852,words,305.54,305.72,5,0.18000000000000682,0.036000000000001364,27.777777777776723,0.01999999999998181
853,like,305.74,305.86,4,0.12000000000000455,0.030000000000001137,33.33333333333207,0.03999999999996362
854,left,305.9,306.1,4,0.20000000000004547,0.05000000000001137,19.999999999995453,0.01999999999998181
855,and,306.12,306.18,3,0.060000000000002274,0.020000000000000757,49.9999999999981,0.040000000000020464
856,right,306.22,306.5,5,0.2799999999999727,0.05599999999999454,17.8571428571446,1.1200000000000045
857,when,307.62,307.74,4,0.12000000000000455,0.030000000000001137,33.33333333333207,0.01999999999998181
858,we,307.76,307.8,2,0.040000000000020464,0.020000000000010232,49.99999999997442,0.060000000000002274
859,give,307.86,307.98,4,0.12000000000000455,0.030000000000001137,33.33333333333207,0.01999999999998181
860,you,308.0,308.06,3,0.060000000000002274,0.020000000000000757,49.9999999999981,0.040000000000020464
861,a,308.1,308.12,1,0.01999999999998181,0.01999999999998181,50.000000000045475,0.040000000000020464
862,hint,308.16,308.44,4,0.2799999999999727,0.06999999999999318,14.285714285715677,0.8199999999999932
863,when,309.26,309.4,4,0.13999999999998636,0.03499999999999659,28.571428571431355,0.020000000000038654
864,we,309.42,309.5,2,0.07999999999998408,0.03999999999999204,25.000000000004974,0.060000000000002274
865,sat,309.56,309.74,3,0.18000000000000682,0.060000000000002274,16.666666666666035,0.03999999999996362
866,people,309.78,310.0,6,0.22000000000002728,0.03666666666667121,27.27272727272389,0.07999999999998408
867,facing,310.08,310.6,6,0.5200000000000387,0.08666666666667311,11.53846153846068,0.2599999999999909
868,south,310.86,311.38,5,0.5199999999999818,0.10399999999999636,9.615384615384952,0.4800000000000182
869,they,311.86,311.96,4,0.0999999999999659,0.024999999999991473,40.00000000001364,0.08000000000004093
870,organised,312.04,312.46,9,0.4199999999999591,0.04666666666666212,21.428571428573516,0.040000000000020464
871,time,312.5,312.74,4,0.2400000000000091,0.060000000000002274,16.666666666666035,0.01999999999998181
872,from,312.76,312.88,4,0.12000000000000455,0.030000000000001137,33.33333333333207,0.040000000000020464
873,left,312.92,313.14,4,0.21999999999997044,0.05499999999999261,18.181818181820624,0.020000000000038654
874,her,313.16,313.24,3,0.07999999999998408,0.02666666666666136,37.50000000000746,0.03999999999996362
875,right,313.28,313.54,5,0.26000000000004775,0.05200000000000955,19.2307692307657,0.8999999999999773
876,when,314.44,314.58,4,0.13999999999998636,0.03499999999999659,28.571428571431355,0.020000000000038654
877,we,314.6,314.68,2,0.07999999999998408,0.03999999999999204,25.000000000004974,0.060000000000002274
878,sat,314.74,314.92,3,0.18000000000000682,0.060000000000002274,16.666666666666035,0.03999999999996362
879,them,314.96,315.06,4,0.10000000000002274,0.025000000000005684,39.999999999990905,0.040000000000020464
880,facing,315.1,315.44,6,0.339999999999975,0.0566666666666625,17.64705882353071,0.060000000000002274
881,north,315.5,316.02,5,0.5199999999999818,0.10399999999999636,9.615384615384952,0.6200000000000045
882,they,316.64,316.7,4,0.060000000000002274,0.015000000000000568,66.66666666666414,0.060000000000002274
883,organized,316.76,317.14,9,0.37999999999999545,0.04222222222222172,23.684210526316072,0.060000000000002274
884,time,317.2,317.4,4,0.19999999999998863,0.04999999999999716,20.000000000001137,0.020000000000038654
885,from,317.42,317.54,4,0.12000000000000455,0.030000000000001137,33.33333333333207,0.060000000000002274
886,right,317.6,317.78,5,0.17999999999994998,0.03599999999999,27.7777777777855,0.020000000000038654
887,to,317.8,317.86,2,0.060000000000002274,0.030000000000001137,33.33333333333207,0.060000000000002274
888,left,317.92,318.24,4,0.3199999999999932,0.0799999999999983,12.500000000000266,0.8000000000000114
889,when,319.04,319.18,4,0.13999999999998636,0.03499999999999659,28.571428571431355,0.01999999999998181
890,we,319.2,319.28,2,0.07999999999998408,0.03999999999999204,25.000000000004974,0.060000000000002274
891,sat,319.34,319.52,3,0.18000000000000682,0.060000000000002274,16.666666666666035,0.040000000000020464
892,them,319.56,319.66,4,0.10000000000002274,0.025000000000005684,39.999999999990905,0.03999999999996362
893,facing,319.7,320.02,6,0.3199999999999932,0.0533333333333322,18.7500000000004,0.08000000000004093
894,east,320.1,320.62,4,0.5199999999999818,0.12999999999999545,7.692307692307962,0.45999999999997954
895,time,321.08,321.34,4,0.2599999999999909,0.06499999999999773,15.384615384615923,0.040000000000020464
896,came,321.38,321.56,4,0.18000000000000682,0.045000000000001705,22.22222222222138,0.040000000000020464
897,towards,321.6,321.94,7,0.339999999999975,0.048571428571425,20.588235294119162,0.040000000000020464
898,the,321.98,322.04,3,0.060000000000002274,0.020000000000000757,49.9999999999981,0.03999999999996362
899,body,322.08,322.42,4,0.34000000000003183,0.08500000000000796,11.764705882351839,1.1999999999999886
900,what's,323.62,323.82,6,0.19999999999998863,0.03333333333333144,30.000000000001705,0.040000000000020464
901,the,323.86,323.92,3,0.060000000000002274,0.020000000000000757,49.9999999999981,0.03999999999996362
902,pattern,323.96,324.4,7,0.4399999999999977,0.06285714285714253,15.909090909090992,1.7000000000000455
903,east,326.1,326.36,4,0.2599999999999909,0.06499999999999773,15.384615384615923,0.03999999999996362
904,to,326.4,326.46,2,0.060000000000002274,0.030000000000001137,33.33333333333207,0.060000000000002274
905,west,326.52,326.98,4,0.4600000000000364,0.1150000000000091,8.695652173912356,0.2400000000000091
906,right,327.22,327.52,5,0.2999999999999545,0.05999999999999091,16.666666666669194,0.3199999999999932
907,so,327.84,327.96,2,0.12000000000000455,0.060000000000002274,16.666666666666035,0.10000000000002274
908,for,328.06,328.16,3,0.10000000000002274,0.03333333333334091,29.99999999999318,0.060000000000002274
909,them,328.22,328.52,4,0.2999999999999545,0.07499999999998863,13.333333333335354,0.22000000000002728
910,time,328.74,329.08,4,0.339999999999975,0.08499999999999375,11.764705882353807,0.040000000000020464
911,doesn't,329.12,329.4,7,0.2799999999999727,0.0399999999999961,25.000000000002437,0.08000000000004093
912,actually,329.48,329.84,8,0.3599999999999568,0.0449999999999946,22.22222222222489,0.060000000000002274
913,get,329.9,330.02,3,0.12000000000000455,0.040000000000001514,24.99999999999905,0.040000000000020464
914,locked,330.06,330.32,6,0.2599999999999909,0.043333333333331815,23.076923076923883,0.01999999999998181
915,on,330.34,330.4,2,0.060000000000002274,0.030000000000001137,33.33333333333207,0.040000000000020464
916,the,330.44,330.48,3,0.040000000000020464,0.013333333333340155,74.99999999996163,0.060000000000002274
917,body,330.54,330.8,4,0.2599999999999909,0.06499999999999773,15.384615384615923,0.03999999999996362
918,at,330.84,330.92,2,0.08000000000004093,0.040000000000020464,24.99999999998721,0.03999999999996362
919,all,330.96,331.22,3,0.26000000000004775,0.08666666666668259,11.53846153845942,0.07999999999998408
920,it,331.3,331.4,2,0.0999999999999659,0.04999999999998295,20.00000000000682,0.040000000000020464
921,gets,331.44,331.62,4,0.18000000000000682,0.045000000000001705,22.22222222222138,0.040000000000020464
922,locked,331.66,331.88,6,0.21999999999997044,0.03666666666666174,27.272727272730936,0.01999999999998181
923,on,331.9,331.98,2,0.08000000000004093,0.040000000000020464,24.99999999998721,0.01999999999998181
924,the,332.0,332.06,3,0.060000000000002274,0.020000000000000757,49.9999999999981,0.040000000000020464
925,landscape,332.1,332.7,9,0.5999999999999659,0.06666666666666288,15.000000000000853,0.040000000000020464
926,so,332.74,332.86,2,0.12000000000000455,0.060000000000002274,16.666666666666035,0.07999999999998408
927,for,332.94,333.04,3,0.10000000000002274,0.03333333333334091,29.99999999999318,0.060000000000002274
928,me,333.1,333.24,2,0.13999999999998636,0.06999999999999318,14.285714285715677,0.2799999999999727
929,if,333.52,333.66,2,0.1400000000000432,0.0700000000000216,14.285714285709878,0.0
930,i'm,333.66,333.76,3,0.0999999999999659,0.03333333333332197,30.000000000010232,0.040000000000020464
931,facing,333.8,334.14,6,0.339999999999975,0.0566666666666625,17.64705882353071,0.020000000000038654
932,this,334.16,334.3,4,0.13999999999998636,0.03499999999999659,28.571428571431355,0.03999999999996362
933,way,334.34,334.48,3,0.1400000000000432,0.04666666666668107,21.428571428564815,0.060000000000002274
934,than,334.54,334.64,4,0.0999999999999659,0.024999999999991473,40.00000000001364,0.040000000000020464
935,time,334.68,334.9,4,0.21999999999997044,0.05499999999999261,18.181818181820624,0.020000000000038654
936,goes,334.92,335.06,4,0.13999999999998636,0.03499999999999659,28.571428571431355,0.040000000000020464
937,this,335.1,335.24,4,0.13999999999998636,0.03499999999999659,28.571428571431355,0.03999999999996362
938,way,335.28,335.5,3,0.22000000000002728,0.07333333333334242,13.636363636361946,0.060000000000002274
939,and,335.56,335.6,3,0.040000000000020464,0.013333333333340155,74.99999999996163,0.060000000000002274
940,find,335.66,335.82,4,0.15999999999996817,0.03999999999999204,25.000000000004974,0.040000000000020464
941,facing,335.86,336.14,6,0.2799999999999727,0.04666666666666212,21.428571428573516,0.040000000000020464
942,this,336.18,336.32,4,0.13999999999998636,0.03499999999999659,28.571428571431355,0.060000000000002274
943,way,336.38,336.5,3,0.12000000000000455,0.040000000000001514,24.99999999999905,0.040000000000020464
944,then,336.54,336.64,4,0.0999999999999659,0.024999999999991473,40.00000000001364,0.040000000000020464
945,time,336.68,336.88,4,0.19999999999998863,0.04999999999999716,20.000000000001137,0.040000000000020464
946,goes,336.92,337.06,4,0.13999999999998636,0.03499999999999659,28.571428571431355,0.040000000000020464
947,this,337.1,337.26,4,0.15999999999996817,0.03999999999999204,25.000000000004974,0.060000000000002274
948,way,337.32,337.56,3,0.2400000000000091,0.08000000000000303,12.499999999999526,0.45999999999997954
949,and,338.02,338.12,3,0.10000000000002274,0.03333333333334091,29.99999999999318,0.040000000000020464
950,facing,338.16,338.46,6,0.2999999999999545,0.04999999999999242,20.00000000000303,0.040000000000020464
951,this,338.5,338.64,4,0.13999999999998636,0.03499999999999659,28.571428571431355,0.060000000000002274
952,way,338.7,338.86,3,0.160000000000025,0.05333333333334167,18.74999999999707,0.03999999999996362
953,time,338.9,339.08,4,0.18000000000000682,0.045000000000001705,22.22222222222138,0.020000000000038654
954,goes,339.1,339.26,4,0.15999999999996817,0.03999999999999204,25.000000000004974,0.01999999999998181
955,this,339.28,339.4,4,0.12000000000000455,0.030000000000001137,33.33333333333207,0.040000000000020464
956,way,339.44,339.62,3,0.18000000000000682,0.060000000000002274,16.666666666666035,0.6399999999999864
957,very,340.26,340.46,4,0.19999999999998863,0.04999999999999716,20.000000000001137,0.060000000000002274
958,ego,340.52,340.76,3,0.2400000000000091,0.08000000000000303,12.499999999999526,0.040000000000020464
959,centric,340.8,341.18,7,0.37999999999999545,0.05428571428571364,18.42105263157917,0.01999999999998181
960,of,341.2,341.3,2,0.10000000000002274,0.05000000000001137,19.999999999995453,0.07999999999998408
961,me,341.38,341.56,2,0.18000000000000682,0.09000000000000341,11.11111111111069,0.2799999999999727
962,to,341.84,341.92,2,0.08000000000004093,0.040000000000020464,24.99999999998721,0.060000000000002274
963,have,341.98,342.14,4,0.15999999999996817,0.03999999999999204,25.000000000004974,0.060000000000002274
964,the,342.2,342.24,3,0.040000000000020464,0.013333333333340155,74.99999999996163,0.060000000000002274
965,direction,342.3,342.76,9,0.45999999999997954,0.05111111111110884,19.565217391305218,0.01999999999998181
966,of,342.78,342.84,2,0.060000000000002274,0.030000000000001137,33.33333333333207,0.060000000000002274
967,time,342.9,343.2,4,0.30000000000001137,0.07500000000000284,13.333333333332828,0.060000000000002274
968,chased,343.26,343.58,6,0.3199999999999932,0.0533333333333322,18.7500000000004,0.040000000000020464
969,me,343.62,343.7,2,0.07999999999998408,0.03999999999999204,25.000000000004974,0.060000000000002274
970,around,343.76,344.28,6,0.5199999999999818,0.08666666666666363,11.538461538461942,0.040000000000020464
971,every,344.32,344.52,5,0.19999999999998863,0.039999999999997725,25.00000000000142,0.040000000000020464
972,time,344.56,344.74,4,0.18000000000000682,0.045000000000001705,22.22222222222138,0.01999999999998181
973,i,344.76,344.8,1,0.040000000000020464,0.040000000000020464,24.99999999998721,0.060000000000002274
974,turn,344.86,345.02,4,0.15999999999996817,0.03999999999999204,25.000000000004974,0.040000000000020464
975,my,345.06,345.14,2,0.07999999999998408,0.03999999999999204,25.000000000004974,0.060000000000002274
976,body,345.2,345.58,4,0.37999999999999545,0.09499999999999886,10.52631578947381,1.0200000000000387
977,for,346.6,346.7,3,0.0999999999999659,0.03333333333332197,30.000000000010232,0.040000000000020464
978,the,346.74,346.78,3,0.03999999999996362,0.013333333333321207,75.00000000006821,0.060000000000002274
979,cook,346.84,347.02,4,0.18000000000000682,0.045000000000001705,22.22222222222138,0.020000000000038654
980,tired,347.04,347.42,5,0.37999999999999545,0.0759999999999991,13.157894736842263,0.03999999999996362
981,time,347.46,347.74,4,0.28000000000002956,0.07000000000000739,14.285714285712778,0.03999999999996362
982,is,347.78,347.84,2,0.060000000000002274,0.030000000000001137,33.33333333333207,0.040000000000020464
983,locked,347.88,348.1,6,0.22000000000002728,0.03666666666667121,27.27272727272389,0.0
984,on,348.1,348.18,2,0.07999999999998408,0.03999999999999204,25.000000000004974,0.01999999999998181
985,the,348.2,348.24,3,0.040000000000020464,0.013333333333340155,74.99999999996163,0.03999999999996362
986,landscapes,348.28,348.78,10,0.5,0.05,20.0,0.20000000000004547
987,dramatically,348.98,349.44,12,0.45999999999997954,0.03833333333333163,26.08695652174029,0.060000000000002274
988,different,349.5,349.76,9,0.2599999999999909,0.028888888888887878,34.61538461538583,0.040000000000020464
989,way,349.8,349.94,3,0.13999999999998636,0.04666666666666212,21.428571428573516,0.01999999999998181
990,of,349.96,350.0,2,0.040000000000020464,0.020000000000010232,49.99999999997442,0.060000000000002274
991,thinking,350.06,350.32,8,0.2599999999999909,0.03249999999999886,30.769230769231847,0.01999999999998181
992,about,350.34,350.54,5,0.20000000000004547,0.0400000000000091,24.999999999994316,0.07999999999998408
993,time,350.62,350.88,4,0.2599999999999909,0.06499999999999773,15.384615384615923,1.160000000000025
994,here's,352.04,352.24,6,0.19999999999998863,0.03333333333333144,30.000000000001705,0.01999999999998181
995,another,352.26,352.5,7,0.2400000000000091,0.034285714285715585,29.166666666665563,0.060000000000002274
996,really,352.56,352.76,6,0.19999999999998863,0.03333333333333144,30.000000000001705,0.040000000000020464
997,smart,352.8,353.1,5,0.30000000000001137,0.060000000000002274,16.666666666666035,0.060000000000002274
998,human,353.16,353.44,5,0.2799999999999727,0.05599999999999454,17.8571428571446,0.040000000000020464
999,trick,353.48,353.74,5,0.2599999999999909,0.05199999999999818,19.230769230769905,0.18000000000000682
1000,suppose,353.92,354.22,7,0.30000000000001137,0.04285714285714448,23.333333333332448,0.01999999999998181
1001,i,354.24,354.26,1,0.01999999999998181,0.01999999999998181,50.000000000045475,0.060000000000002274
1002,ask,354.32,354.56,3,0.2400000000000091,0.08000000000000303,12.499999999999526,0.0
1003,you,354.56,354.6,3,0.040000000000020464,0.013333333333340155,74.99999999996163,0.060000000000002274
1004,how,354.66,354.76,3,0.0999999999999659,0.03333333333332197,30.000000000010232,0.0
1005,many,354.76,354.9,4,0.13999999999998636,0.03499999999999659,28.571428571431355,0.060000000000002274
1006,penguins,354.96,355.36,8,0.4000000000000341,0.05000000000000426,19.999999999998295,0.01999999999998181
1007,are,355.38,355.48,3,0.10000000000002274,0.03333333333334091,29.99999999999318,0.03999999999996362
1008,there,355.52,355.72,5,0.20000000000004547,0.0400000000000091,24.999999999994316,1.2399999999999523
1009,well,356.96,357.18,4,0.22000000000002728,0.05500000000000682,18.181818181815927,0.4399999999999977
1010,i,357.62,357.7,1,0.07999999999998408,0.07999999999998408,12.500000000002487,0.07999999999998408
1011,bet,357.78,357.92,3,0.1400000000000432,0.04666666666668107,21.428571428564815,0.03999999999996362
1012,i,357.96,358.0,1,0.040000000000020464,0.040000000000020464,24.99999999998721,0.07999999999998408
1013,know,358.08,358.22,4,0.1400000000000432,0.0350000000000108,28.571428571419755,0.05999999999994543
1014,how,358.28,358.42,3,0.1400000000000432,0.04666666666668107,21.428571428564815,0.03999999999996362
1015,you'd,358.46,358.6,5,0.1400000000000432,0.02800000000000864,35.714285714274695,0.03999999999996362
1016,solve,358.64,358.86,5,0.22000000000002728,0.04400000000000546,22.72727272726991,0.03999999999996362
1017,that,358.9,359.02,4,0.12000000000000455,0.030000000000001137,33.33333333333207,0.040000000000020464
1018,problem,359.06,359.42,7,0.36000000000001364,0.05142857142857338,19.444444444443707,0.03999999999996362
1019,if,359.46,359.56,2,0.10000000000002274,0.05000000000001137,19.999999999995453,0.01999999999998181
1020,you,359.58,359.64,3,0.060000000000002274,0.020000000000000757,49.9999999999981,0.060000000000002274
1021,solve,359.7,359.94,5,0.2400000000000091,0.04800000000000182,20.833333333332543,0.040000000000020464
1022,it,359.98,360.12,2,0.13999999999998636,0.06999999999999318,14.285714285715677,0.07999999999998408
1023,you,360.2,360.28,3,0.07999999999998408,0.02666666666666136,37.50000000000746,0.060000000000002274
1024,went,360.34,360.54,4,0.20000000000004547,0.05000000000001137,19.999999999995453,0.23999999999995225
1025,one,360.78,360.92,3,0.1400000000000432,0.04666666666668107,21.428571428564815,0.03999999999996362
1026,two,360.96,361.08,3,0.12000000000000455,0.040000000000001514,24.99999999999905,0.060000000000002274
1027,three,361.14,361.28,5,0.13999999999998636,0.02799999999999727,35.7142857142892,0.08000000000004093
1028,four,361.36,361.46,4,0.0999999999999659,0.024999999999991473,40.00000000001364,0.060000000000002274
1029,five,361.52,361.68,4,0.160000000000025,0.04000000000000625,24.999999999996092,0.040000000000020464
1030,six,361.72,361.86,3,0.13999999999998636,0.04666666666666212,21.428571428573516,0.03999999999996362
1031,seven,361.9,362.06,5,0.160000000000025,0.032000000000005004,31.249999999995115,0.01999999999998181
1032,eight,362.08,362.22,5,0.1400000000000432,0.02800000000000864,35.714285714274695,0.17999999999994998
1033,you,362.4,362.48,3,0.08000000000004093,0.02666666666668031,37.499999999980815,0.060000000000002274
1034,counted,362.54,362.88,7,0.339999999999975,0.048571428571425,20.588235294119162,0.040000000000020464
1035,them,362.92,363.12,4,0.19999999999998863,0.04999999999999716,20.000000000001137,0.07999999999998408
1036,right,363.2,363.34,5,0.13999999999998636,0.02799999999999727,35.7142857142892,0.040000000000020464
1037,you,363.38,363.46,3,0.07999999999998408,0.02666666666666136,37.50000000000746,0.08000000000004093
1038,named,363.54,363.8,5,0.2599999999999909,0.05199999999999818,19.230769230769905,0.01999999999998181
1039,each,363.82,363.98,4,0.160000000000025,0.04000000000000625,24.999999999996092,0.03999999999996362
1040,one,364.02,364.18,3,0.160000000000025,0.05333333333334167,18.74999999999707,0.040000000000020464
1041,with,364.22,364.34,4,0.1199999999999477,0.029999999999986926,33.33333333334786,0.020000000000038654
1042,a,364.36,364.4,1,0.03999999999996362,0.03999999999996362,25.000000000022737,0.040000000000020464
1043,number,364.44,364.84,6,0.39999999999997726,0.06666666666666288,15.000000000000853,0.28000000000002956
1044,and,365.12,365.22,3,0.10000000000002274,0.03333333333334091,29.99999999999318,0.01999999999998181
1045,the,365.24,365.3,3,0.060000000000002274,0.020000000000000757,49.9999999999981,0.060000000000002274
1046,last,365.36,365.62,4,0.2599999999999909,0.06499999999999773,15.384615384615923,0.040000000000020464
1047,number,365.66,365.88,6,0.21999999999997044,0.03666666666666174,27.272727272730936,0.060000000000002274
1048,you,365.94,366.02,3,0.07999999999998408,0.02666666666666136,37.50000000000746,0.060000000000002274
1049,said,366.08,366.5,4,0.4200000000000159,0.10500000000000398,9.523809523809163,0.2799999999999727
1050,was,366.78,367.1,3,0.32000000000005,0.10666666666668334,9.374999999998535,0.13999999999998636
1051,the,367.24,367.32,3,0.07999999999998408,0.02666666666666136,37.50000000000746,0.040000000000020464
1052,number,367.36,367.64,6,0.2799999999999727,0.04666666666666212,21.428571428573516,0.0
1053,of,367.64,367.68,2,0.040000000000020464,0.020000000000010232,49.99999999997442,0.07999999999998408
1054,penguins,367.76,368.2,8,0.4399999999999977,0.054999999999999716,18.181818181818276,0.19999999999998863
1055,that,368.4,368.5,4,0.10000000000002274,0.025000000000005684,39.999999999990905,0.01999999999998181
1056,this,368.52,368.66,4,0.1400000000000432,0.0350000000000108,28.571428571419755,0.0
1057,is,368.66,368.76,2,0.0999999999999659,0.04999999999998295,20.00000000000682,0.01999999999998181
1058,a,368.78,368.82,1,0.040000000000020464,0.040000000000020464,24.99999999998721,0.060000000000002274
1059,little,368.88,369.08,6,0.19999999999998863,0.03333333333333144,30.000000000001705,0.040000000000020464
1060,trick,369.12,369.4,5,0.2799999999999727,0.05599999999999454,17.8571428571446,0.060000000000002274
1061,that,369.46,369.56,4,0.10000000000002274,0.025000000000005684,39.999999999990905,0.01999999999998181
1062,you're,369.58,369.7,6,0.12000000000000455,0.020000000000000757,49.9999999999981,0.060000000000002274
1063,taught,369.76,370.0,6,0.2400000000000091,0.040000000000001514,24.99999999999905,0.040000000000020464
1064,to,370.04,370.1,2,0.060000000000002274,0.030000000000001137,33.33333333333207,0.07999999999998408
1065,use,370.18,370.36,3,0.18000000000000682,0.060000000000002274,16.666666666666035,0.03999999999996362
1066,as,370.4,370.48,2,0.08000000000004093,0.040000000000020464,24.99999999998721,0.060000000000002274
1067,kids,370.54,370.98,4,0.4399999999999977,0.10999999999999943,9.090909090909138,0.3599999999999568
1068,you,371.34,371.46,3,0.12000000000000455,0.040000000000001514,24.99999999999905,0.10000000000002274
1069,learn,371.56,371.78,5,0.21999999999997044,0.043999999999994086,22.727272727275782,0.060000000000002274
1070,a,371.84,371.86,1,0.020000000000038654,0.020000000000038654,49.999999999903366,0.060000000000002274
1071,number,371.92,372.18,6,0.2599999999999909,0.043333333333331815,23.076923076923883,0.040000000000020464
1072,list,372.22,372.46,4,0.23999999999995225,0.05999999999998806,16.666666666669983,0.020000000000038654
1073,and,372.48,372.54,3,0.060000000000002274,0.020000000000000757,49.9999999999981,0.01999999999998181
1074,you,372.56,372.62,3,0.060000000000002274,0.020000000000000757,49.9999999999981,0.060000000000002274
1075,know,372.68,372.82,4,0.13999999999998636,0.03499999999999659,28.571428571431355,0.4200000000000159
1076,you,373.24,373.3,3,0.060000000000002274,0.020000000000000757,49.9999999999981,0.060000000000002274
1077,learn,373.36,373.54,5,0.18000000000000682,0.036000000000001364,27.777777777776723,0.03999999999996362
1078,how,373.58,373.7,3,0.12000000000000455,0.040000000000001514,24.99999999999905,0.020000000000038654
1079,to,373.72,373.8,2,0.07999999999998408,0.03999999999999204,25.000000000004974,0.0999999999999659
1080,play,373.9,374.16,4,0.26000000000004775,0.06500000000001194,15.384615384612559,0.01999999999998181
1081,it,374.18,374.28,2,0.0999999999999659,0.04999999999998295,20.00000000000682,0.82000000000005
1082,a,375.1,375.14,1,0.03999999999996362,0.03999999999996362,25.000000000022737,0.040000000000020464
1083,little,375.18,375.36,6,0.18000000000000682,0.030000000000001137,33.33333333333207,0.01999999999998181
1084,linguistic,375.38,375.82,10,0.4399999999999977,0.043999999999999775,22.727272727272844,0.040000000000020464
1085,trip,375.86,376.14,4,0.2799999999999727,0.06999999999999318,14.285714285715677,0.660000000000025
1086,well,376.8,377.0,4,0.19999999999998863,0.04999999999999716,20.000000000001137,0.12000000000000455
1087,some,377.12,377.3,4,0.18000000000000682,0.045000000000001705,22.22222222222138,0.01999999999998181
1088,languages,377.32,377.68,9,0.36000000000001364,0.040000000000001514,24.99999999999905,0.01999999999998181
1089,don't,377.7,377.84,5,0.13999999999998636,0.02799999999999727,35.7142857142892,0.040000000000020464
1090,do,377.88,377.96,2,0.07999999999998408,0.03999999999999204,25.000000000004974,0.08000000000004093
1091,this,378.04,378.22,4,0.18000000000000682,0.045000000000001705,22.22222222222138,0.05999999999994543
1092,because,378.28,378.78,7,0.5,0.07142857142857142,14.0,0.2400000000000091
1093,some,379.02,379.2,4,0.18000000000000682,0.045000000000001705,22.22222222222138,0.040000000000020464
1094,languages,379.24,379.64,9,0.39999999999997726,0.04444444444444192,22.50000000000128,0.12000000000000455
1095,don't,379.76,380.0,5,0.2400000000000091,0.04800000000000182,20.833333333332543,0.160000000000025
1096,have,380.16,380.36,4,0.19999999999998863,0.04999999999999716,20.000000000001137,0.03999999999996362
1097,exact,380.4,380.7,5,0.30000000000001137,0.060000000000002274,16.666666666666035,0.040000000000020464
1098,number,380.74,380.96,6,0.21999999999997044,0.03666666666666174,27.272727272730936,0.060000000000002274
1099,words,381.02,381.32,5,0.30000000000001137,0.060000000000002274,16.666666666666035,0.7599999999999909
1100,their,382.08,382.3,5,0.22000000000002728,0.04400000000000546,22.72727272726991,0.19999999999998863
1101,languages,382.5,382.92,9,0.4200000000000159,0.04666666666666844,21.428571428570617,0.01999999999998181
1102,that,382.94,383.02,4,0.07999999999998408,0.01999999999999602,50.00000000000995,0.040000000000020464
1103,don't,383.06,383.24,5,0.18000000000000682,0.036000000000001364,27.777777777776723,0.03999999999996362
1104,have,383.28,383.46,4,0.18000000000000682,0.045000000000001705,22.22222222222138,0.1400000000000432
1105,a,383.6,383.68,1,0.07999999999998408,0.07999999999998408,12.500000000002487,0.040000000000020464
1106,word,383.72,383.98,4,0.2599999999999909,0.06499999999999773,15.384615384615923,0.060000000000002274
1107,like,384.04,384.22,4,0.18000000000000682,0.045000000000001705,22.22222222222138,0.0999999999999659
1108,seven,384.32,384.72,5,0.4000000000000341,0.08000000000000682,12.499999999998934,0.23999999999995225
1109,or,384.96,385.12,2,0.160000000000025,0.0800000000000125,12.499999999998046,0.10000000000002274
1110,a,385.22,385.28,1,0.05999999999994543,0.05999999999994543,16.666666666681824,0.020000000000038654
1111,word,385.3,385.48,4,0.18000000000000682,0.045000000000001705,22.22222222222138,0.03999999999996362
1112,like,385.52,385.66,4,0.1400000000000432,0.0350000000000108,28.571428571419755,0.060000000000002274
1113,eight,385.72,385.94,5,0.21999999999997044,0.043999999999994086,22.727272727275782,1.079999999999984
1114,and,387.02,387.18,3,0.160000000000025,0.05333333333334167,18.74999999999707,0.01999999999998181
1115,in,387.2,387.26,2,0.060000000000002274,0.030000000000001137,33.33333333333207,0.01999999999998181
1116,fact,387.28,387.4,4,0.12000000000000455,0.030000000000001137,33.33333333333207,0.060000000000002274
1117,people,387.46,387.64,6,0.18000000000000682,0.030000000000001137,33.33333333333207,0.040000000000020464
1118,who,387.68,387.76,3,0.07999999999998408,0.02666666666666136,37.50000000000746,0.040000000000020464
1119,speak,387.8,388.0,5,0.19999999999998863,0.039999999999997725,25.00000000000142,0.040000000000020464
1120,these,388.04,388.18,5,0.13999999999998636,0.02799999999999727,35.7142857142892,0.040000000000020464
1121,languages,388.22,388.66,9,0.4399999999999977,0.048888888888888635,20.45454545454556,0.03999999999996362
1122,don't,388.7,388.9,5,0.19999999999998863,0.039999999999997725,25.00000000000142,0.040000000000020464
1123,count,388.94,389.32,5,0.37999999999999545,0.0759999999999991,13.157894736842263,0.37999999999999545
1124,and,389.7,389.96,3,0.2599999999999909,0.08666666666666363,11.538461538461942,0.34000000000003183
1125,they,390.3,390.4,4,0.0999999999999659,0.024999999999991473,40.00000000001364,0.060000000000002274
1126,have,390.46,390.58,4,0.12000000000000455,0.030000000000001137,33.33333333333207,0.040000000000020464
1127,trouble,390.62,390.88,7,0.2599999999999909,0.03714285714285585,26.923076923077865,0.01999999999998181
1128,keeping,390.9,391.12,7,0.22000000000002728,0.03142857142857532,31.818181818177873,0.060000000000002274
1129,track,391.18,391.42,5,0.2400000000000091,0.04800000000000182,20.833333333332543,0.01999999999998181
1130,of,391.44,391.52,2,0.07999999999998408,0.03999999999999204,25.000000000004974,0.040000000000020464
1131,exact,391.56,391.86,5,0.30000000000001137,0.060000000000002274,16.666666666666035,0.060000000000002274
1132,quantities,391.92,392.42,10,0.5,0.05,20.0,0.3199999999999932
1133,so,392.74,392.86,2,0.12000000000000455,0.060000000000002274,16.666666666666035,0.07999999999998408
1134,for,392.94,393.04,3,0.10000000000002274,0.03333333333334091,29.99999999999318,0.03999999999996362
1135,example,393.08,393.42,7,0.34000000000003183,0.048571428571433116,20.58823529411572,0.03999999999996362
1136,if,393.46,393.58,2,0.12000000000000455,0.060000000000002274,16.666666666666035,0.040000000000020464
1137,i,393.62,393.66,1,0.040000000000020464,0.040000000000020464,24.99999999998721,0.45999999999997954
1138,ask,394.12,394.36,3,0.2400000000000091,0.08000000000000303,12.499999999999526,0.0
1139,you,394.36,394.42,3,0.060000000000002274,0.020000000000000757,49.9999999999981,0.01999999999998181
1140,to,394.44,394.5,2,0.060000000000002274,0.030000000000001137,33.33333333333207,0.060000000000002274
1141,match,394.56,394.88,5,0.3199999999999932,0.06399999999999864,15.625000000000334,0.4800000000000182
1142,this,395.36,395.54,4,0.18000000000000682,0.045000000000001705,22.22222222222138,0.060000000000002274
1143,number,395.6,395.84,6,0.23999999999995225,0.03999999999999204,25.000000000004974,0.020000000000038654
1144,of,395.86,395.92,2,0.060000000000002274,0.030000000000001137,33.33333333333207,0.060000000000002274
1145,penguins,395.98,396.56,8,0.5799999999999841,0.07249999999999801,13.793103448276241,0.10000000000002274
1146,to,396.66,396.8,2,0.13999999999998636,0.06999999999999318,14.285714285715677,0.13999999999998636
1147,the,396.94,397.02,3,0.07999999999998408,0.02666666666666136,37.50000000000746,0.060000000000002274
1148,same,397.08,397.34,4,0.2599999999999909,0.06499999999999773,15.384615384615923,0.060000000000002274
1149,number,397.4,397.7,6,0.30000000000001137,0.0500000000000019,19.999999999999243,0.040000000000020464
1150,of,397.74,397.82,2,0.07999999999998408,0.03999999999999204,25.000000000004974,0.060000000000002274
1151,ducks,397.88,398.3,5,0.4200000000000159,0.08400000000000318,11.904761904761454,0.839999999999975
1152,you,399.14,399.26,3,0.12000000000000455,0.040000000000001514,24.99999999999905,0.040000000000020464
1153,would,399.3,399.44,5,0.13999999999998636,0.02799999999999727,35.7142857142892,0.07999999999998408
1154,be,399.52,399.62,2,0.10000000000002274,0.05000000000001137,19.999999999995453,0.040000000000020464
1155,able,399.66,399.82,4,0.15999999999996817,0.03999999999999204,25.000000000004974,0.01999999999998181
1156,to,399.84,399.9,2,0.060000000000002274,0.030000000000001137,33.33333333333207,0.040000000000020464
1157,do,399.94,400.04,2,0.10000000000002274,0.05000000000001137,19.999999999995453,0.060000000000002274
1158,that,400.1,400.24,4,0.13999999999998636,0.03499999999999659,28.571428571431355,0.03999999999996362
1159,by,400.28,400.38,2,0.10000000000002274,0.05000000000001137,19.999999999995453,0.060000000000002274
1160,counting,400.44,400.94,8,0.5,0.0625,16.0,0.22000000000002728
1161,but,401.16,401.26,3,0.0999999999999659,0.03333333333332197,30.000000000010232,0.07999999999998408
1162,folks,401.34,401.6,5,0.26000000000004775,0.05200000000000955,19.2307692307657,0.03999999999996362
1163,who,401.64,401.7,3,0.060000000000002274,0.020000000000000757,49.9999999999981,0.040000000000020464
1164,don't,401.74,401.92,5,0.18000000000000682,0.036000000000001364,27.777777777776723,0.060000000000002274
1165,have,401.98,402.16,4,0.18000000000000682,0.045000000000001705,22.22222222222138,0.03999999999996362
1166,that,402.2,402.32,4,0.12000000000000455,0.030000000000001137,33.33333333333207,0.040000000000020464
1167,linguistic,402.36,402.88,10,0.5199999999999818,0.05199999999999818,19.230769230769905,0.8199999999999932
1168,trick,403.7,403.98,5,0.28000000000002956,0.05600000000000591,17.85714285714097,0.15999999999996817
1169,here,404.14,404.28,4,0.13999999999998636,0.03499999999999659,28.571428571431355,0.040000000000020464
1170,to,404.32,404.38,2,0.060000000000002274,0.030000000000001137,33.33333333333207,0.040000000000020464
1171,do,404.42,404.5,2,0.07999999999998408,0.03999999999999204,25.000000000004974,0.07999999999998408
1172,that,404.58,404.76,4,0.18000000000000682,0.045000000000001705,22.22222222222138,2.900000000000034
1173,language,407.66,407.96,8,0.2999999999999545,0.037499999999994316,26.666666666670707,0.0
1174,is,407.96,408.04,2,0.08000000000004093,0.040000000000020464,24.99999999998721,0.03999999999996362
1175,also,408.08,408.3,4,0.22000000000002728,0.05500000000000682,18.181818181815927,0.060000000000002274
1176,different,408.36,408.72,9,0.36000000000001364,0.040000000000001514,24.99999999999905,0.03999999999996362
1177,how,408.76,408.9,3,0.13999999999998636,0.04666666666666212,21.428571428573516,0.060000000000002274
1178,they,408.96,409.12,4,0.160000000000025,0.04000000000000625,24.999999999996092,0.13999999999998636
1179,divide,409.26,409.6,6,0.34000000000003183,0.05666666666667197,17.64705882352776,0.01999999999998181
1180,up,409.62,409.68,2,0.060000000000002274,0.030000000000001137,33.33333333333207,0.040000000000020464
1181,the,409.72,409.78,3,0.05999999999994543,0.01999999999998181,50.000000000045475,0.060000000000002274
1182,color,409.84,410.14,5,0.30000000000001137,0.060000000000002274,16.666666666666035,0.040000000000020464
1183,spectrum,410.18,410.66,8,0.4800000000000182,0.060000000000002274,16.666666666666035,0.03999999999996362
1184,the,410.7,410.76,3,0.060000000000002274,0.020000000000000757,49.9999999999981,0.040000000000020464
1185,visual,410.8,411.16,6,0.36000000000001364,0.060000000000002274,16.666666666666035,0.060000000000002274
1186,world,411.22,411.62,5,0.39999999999997726,0.07999999999999545,12.50000000000071,0.8000000000000114
1187,some,412.42,412.56,4,0.13999999999998636,0.03499999999999659,28.571428571431355,0.040000000000020464
1188,languages,412.6,412.96,9,0.3599999999999568,0.0399999999999952,25.000000000003,0.020000000000038654
1189,have,412.98,413.06,4,0.07999999999998408,0.01999999999999602,50.00000000000995,0.040000000000020464
1190,lots,413.1,413.32,4,0.21999999999997044,0.05499999999999261,18.181818181820624,0.0
1191,of,413.32,413.36,2,0.040000000000020464,0.020000000000010232,49.99999999997442,0.060000000000002274
1192,words,413.42,413.62,5,0.19999999999998863,0.039999999999997725,25.00000000000142,0.01999999999998181
1193,for,413.64,413.72,3,0.08000000000004093,0.02666666666668031,37.499999999980815,0.03999999999996362
1194,colors,413.76,414.16,6,0.4000000000000341,0.06666666666667236,14.999999999998721,0.2999999999999545
1195,some,414.46,414.64,4,0.18000000000000682,0.045000000000001705,22.22222222222138,0.060000000000002274
1196,have,414.7,414.82,4,0.12000000000000455,0.030000000000001137,33.33333333333207,0.040000000000020464
1197,only,414.86,415.06,4,0.19999999999998863,0.04999999999999716,20.000000000001137,0.060000000000002274
1198,a,415.12,415.16,1,0.040000000000020464,0.040000000000020464,24.99999999998721,0.060000000000002274
1199,couple,415.22,415.48,6,0.2599999999999909,0.043333333333331815,23.076923076923883,0.060000000000002274
1200,words,415.54,415.78,5,0.23999999999995225,0.04799999999999045,20.833333333337478,0.020000000000038654
1201,light,415.8,416.0,5,0.19999999999998863,0.039999999999997725,25.00000000000142,0.01999999999998181
1202,and,416.02,416.08,3,0.060000000000002274,0.020000000000000757,49.9999999999981,0.040000000000020464
1203,dark,416.12,416.46,4,0.339999999999975,0.08499999999999375,11.764705882353807,0.4399999999999977
1204,and,416.9,417.0,3,0.10000000000002274,0.03333333333334091,29.99999999999318,0.040000000000020464
1205,languages,417.04,417.46,9,0.4199999999999591,0.04666666666666212,21.428571428573516,0.040000000000020464
1206,differ,417.5,417.86,6,0.36000000000001364,0.060000000000002274,16.666666666666035,0.0999999999999659
1207,in,417.96,418.1,2,0.1400000000000432,0.0700000000000216,14.285714285709878,0.19999999999998863
1208,where,418.3,418.54,5,0.2400000000000091,0.04800000000000182,20.833333333332543,0.03999999999996362
1209,they,418.58,418.64,4,0.060000000000002274,0.015000000000000568,66.66666666666414,0.060000000000002274
1210,put,418.7,418.82,3,0.12000000000000455,0.040000000000001514,24.99999999999905,0.060000000000002274
1211,boundaries,418.88,419.32,10,0.4399999999999977,0.043999999999999775,22.727272727272844,0.040000000000020464
1212,between,419.36,419.66,7,0.30000000000001137,0.04285714285714448,23.333333333332448,0.060000000000002274
1213,covers,419.72,420.12,6,0.39999999999997726,0.06666666666666288,15.000000000000853,0.39999999999997726
1214,so,420.52,420.68,2,0.160000000000025,0.0800000000000125,12.499999999998046,0.19999999999998863
1215,for,420.88,420.98,3,0.10000000000002274,0.03333333333334091,29.99999999999318,0.01999999999998181
1216,example,421.0,421.46,7,0.45999999999997954,0.0657142857142828,15.217391304348503,0.18000000000000682
1217,in,421.64,421.84,2,0.19999999999998863,0.09999999999999432,10.000000000000568,0.6000000000000227
1218,english,422.44,422.74,7,0.30000000000001137,0.04285714285714448,23.333333333332448,0.03999999999996362
1219,there's,422.78,422.92,7,0.1400000000000432,0.020000000000006173,49.999999999984574,0.01999999999998181
1220,a,422.94,422.96,1,0.01999999999998181,0.01999999999998181,50.000000000045475,0.040000000000020464
1221,word,423.0,423.14,4,0.13999999999998636,0.03499999999999659,28.571428571431355,0.040000000000020464
1222,for,423.18,423.28,3,0.0999999999999659,0.03333333333332197,30.000000000010232,0.040000000000020464
1223,blue,423.32,423.72,4,0.4000000000000341,0.10000000000000853,9.999999999999147,0.1199999999999477
1224,that,423.84,424.04,4,0.20000000000004547,0.05000000000001137,19.999999999995453,0.060000000000002274
1225,covers,424.1,424.54,6,0.4399999999999977,0.07333333333333296,13.636363636363706,0.07999999999998408
1226,all,424.62,424.78,3,0.15999999999996817,0.05333333333332272,18.75000000000373,0.040000000000020464
1227,of,424.82,424.88,2,0.060000000000002274,0.030000000000001137,33.33333333333207,0.040000000000020464
1228,the,424.92,424.98,3,0.060000000000002274,0.020000000000000757,49.9999999999981,0.03999999999996362
1229,colors,425.02,425.34,6,0.3199999999999932,0.0533333333333322,18.7500000000004,0.040000000000020464
1230,that,425.38,425.46,4,0.07999999999998408,0.01999999999999602,50.00000000000995,0.020000000000038654
1231,you,425.48,425.54,3,0.060000000000002274,0.020000000000000757,49.9999999999981,0.060000000000002274
1232,can,425.6,425.7,3,0.0999999999999659,0.03333333333332197,30.000000000010232,0.040000000000020464
1233,see,425.74,425.86,3,0.12000000000000455,0.040000000000001514,24.99999999999905,0.03999999999996362
1234,on,425.9,425.98,2,0.08000000000004093,0.040000000000020464,24.99999999998721,0.01999999999998181
1235,the,426.0,426.04,3,0.040000000000020464,0.013333333333340155,74.99999999996163,0.03999999999996362
1236,screen,426.08,426.5,6,0.4200000000000159,0.07000000000000266,14.285714285713745,0.5
1237,but,427.0,427.14,3,0.13999999999998636,0.04666666666666212,21.428571428573516,0.040000000000020464
1238,in,427.18,427.26,2,0.07999999999998408,0.03999999999999204,25.000000000004974,0.040000000000020464
1239,russian,427.3,427.58,7,0.2799999999999727,0.0399999999999961,25.000000000002437,0.040000000000020464
1240,there,427.62,427.74,5,0.12000000000000455,0.02400000000000091,41.66666666666509,0.0
1241,isn't,427.74,427.96,5,0.21999999999997044,0.043999999999994086,22.727272727275782,0.020000000000038654
1242,a,427.98,428.02,1,0.03999999999996362,0.03999999999996362,25.000000000022737,0.060000000000002274
1243,single,428.08,428.4,6,0.3199999999999932,0.0533333333333322,18.7500000000004,0.040000000000020464
1244,word,428.44,428.74,4,0.30000000000001137,0.07500000000000284,13.333333333332828,0.07999999999998408
1245,instead,428.82,429.2,7,0.37999999999999545,0.05428571428571364,18.42105263157917,0.020000000000038654
1246,russian,429.22,429.48,7,0.2599999999999909,0.03714285714285585,26.923076923077865,0.03999999999996362
1247,speakers,429.52,429.92,8,0.4000000000000341,0.05000000000000426,19.999999999998295,0.03999999999996362
1248,have,429.96,430.1,4,0.1400000000000432,0.0350000000000108,28.571428571419755,0.01999999999998181
1249,to,430.12,430.2,2,0.07999999999998408,0.03999999999999204,25.000000000004974,0.040000000000020464
1250,defend,430.24,430.6,6,0.36000000000001364,0.060000000000002274,16.666666666666035,0.03999999999996362
1251,sheet,430.64,430.82,5,0.18000000000000682,0.036000000000001364,27.777777777776723,0.01999999999998181
1252,between,430.84,431.1,7,0.26000000000004775,0.037142857142863965,26.923076923071978,0.03999999999996362
1253,light,431.14,431.38,5,0.2400000000000091,0.04800000000000182,20.833333333332543,0.01999999999998181
1254,blue,431.4,431.68,4,0.28000000000002956,0.07000000000000739,14.285714285712778,0.060000000000002274
1255,giller,431.74,431.94,6,0.19999999999998863,0.03333333333333144,30.000000000001705,0.040000000000020464
1256,boy,431.98,432.26,3,0.2799999999999727,0.09333333333332423,10.714285714286758,0.36000000000001364
1257,and,432.62,432.74,3,0.12000000000000455,0.040000000000001514,24.99999999999905,0.03999999999996362
1258,dark,432.78,433.06,4,0.28000000000002956,0.07000000000000739,14.285714285712778,0.01999999999998181
1259,blue,433.08,433.38,4,0.30000000000001137,0.07500000000000284,13.333333333332828,0.18000000000000682
1260,seeny,433.56,433.9,5,0.339999999999975,0.067999999999995,14.705882352942258,1.240000000000009
1261,so,435.14,435.24,2,0.10000000000002274,0.05000000000001137,19.999999999995453,0.03999999999996362
1262,russians,435.28,435.62,8,0.34000000000003183,0.04250000000000398,23.529411764703678,0.040000000000020464
1263,had,435.66,435.86,3,0.19999999999998863,0.06666666666666288,15.000000000000853,0.01999999999998181
1264,this,435.88,436.1,4,0.22000000000002728,0.05500000000000682,18.181818181815927,0.21999999999997044
1265,lifetime,436.32,436.74,8,0.4200000000000159,0.05250000000000199,19.047619047618326,0.01999999999998181
1266,of,436.76,436.82,2,0.060000000000002274,0.030000000000001137,33.33333333333207,0.040000000000020464
1267,experience,436.86,437.6,10,0.7400000000000091,0.07400000000000091,13.513513513513347,0.15999999999996817
1268,of,437.76,437.96,2,0.19999999999998863,0.09999999999999432,10.000000000000568,0.18000000000000682
1269,in,438.14,438.3,2,0.160000000000025,0.0800000000000125,12.499999999998046,0.07999999999998408
1270,language,438.38,438.92,8,0.5400000000000205,0.06750000000000256,14.814814814814254,0.060000000000002274
1271,distinguishing,438.98,439.52,14,0.5399999999999636,0.038571428571425974,25.92592592592767,0.040000000000020464
1272,these,439.56,439.7,5,0.13999999999998636,0.02799999999999727,35.7142857142892,0.020000000000038654
1273,two,439.72,439.84,3,0.1199999999999477,0.03999999999998257,25.000000000010896,0.040000000000020464
1274,colours,439.88,440.3,7,0.4200000000000159,0.060000000000002274,16.666666666666035,0.7799999999999727
1275,when,441.08,441.2,4,0.12000000000000455,0.030000000000001137,33.33333333333207,0.040000000000020464
1276,we,441.24,441.32,2,0.07999999999998408,0.03999999999999204,25.000000000004974,0.10000000000002274
1277,test,441.42,441.7,4,0.2799999999999727,0.06999999999999318,14.285714285715677,0.020000000000038654
1278,people's,441.72,442.12,8,0.39999999999997726,0.04999999999999716,20.000000000001137,0.01999999999998181
1279,ability,442.14,442.54,7,0.4000000000000341,0.05714285714286201,17.499999999998508,0.01999999999998181
1280,to,442.56,442.64,2,0.07999999999998408,0.03999999999999204,25.000000000004974,0.060000000000002274
1281,perceptually,442.7,443.32,12,0.6200000000000045,0.05166666666666705,19.354838709677278,0.060000000000002274
1282,discriminate,443.38,443.94,12,0.5600000000000023,0.046666666666666856,21.428571428571342,0.040000000000020464
1283,these,443.98,444.16,5,0.18000000000000682,0.036000000000001364,27.777777777776723,0.03999999999996362
1284,colours,444.2,444.64,7,0.4399999999999977,0.06285714285714253,15.909090909090992,0.36000000000001364
1285,but,445.0,445.12,3,0.12000000000000455,0.040000000000001514,24.99999999999905,0.060000000000002274
1286,we,445.18,445.26,2,0.07999999999998408,0.03999999999999204,25.000000000004974,0.07999999999998408
1287,find,445.34,445.74,4,0.4000000000000341,0.10000000000000853,9.999999999999147,0.03999999999996362
1288,is,445.78,445.88,2,0.10000000000002274,0.05000000000001137,19.999999999995453,0.040000000000020464
1289,that,445.92,446.04,4,0.12000000000000455,0.030000000000001137,33.33333333333207,0.03999999999996362
1290,russian,446.08,446.34,7,0.2599999999999909,0.03714285714285585,26.923076923077865,0.040000000000020464
1291,speakers,446.38,446.76,8,0.37999999999999545,0.04749999999999943,21.05263157894762,0.01999999999998181
1292,are,446.78,446.84,3,0.060000000000002274,0.020000000000000757,49.9999999999981,0.060000000000002274
1293,faster,446.9,447.38,6,0.4800000000000182,0.08000000000000303,12.499999999999526,0.07999999999998408
1294,across,447.46,447.84,6,0.37999999999999545,0.06333333333333258,15.789473684210716,0.020000000000038654
1295,this,447.86,448.0,4,0.13999999999998636,0.03499999999999659,28.571428571431355,0.040000000000020464
1296,linguistic,448.04,448.44,10,0.39999999999997726,0.039999999999997725,25.00000000000142,0.040000000000020464
1297,boundary,448.48,448.92,8,0.4399999999999977,0.054999999999999716,18.181818181818276,0.13999999999998636
1298,they're,449.06,449.2,7,0.13999999999998636,0.01999999999999805,50.000000000004874,0.060000000000002274
1299,faster,449.26,449.62,6,0.36000000000001364,0.060000000000002274,16.666666666666035,0.040000000000020464
1300,to,449.66,449.74,2,0.07999999999998408,0.03999999999999204,25.000000000004974,0.03999999999996362
1301,be,449.78,449.84,2,0.060000000000002274,0.030000000000001137,33.33333333333207,0.060000000000002274
1302,able,449.9,450.06,4,0.160000000000025,0.04000000000000625,24.999999999996092,0.01999999999998181
1303,to,450.08,450.14,2,0.060000000000002274,0.030000000000001137,33.33333333333207,0.040000000000020464
1304,tell,450.18,450.34,4,0.15999999999996817,0.03999999999999204,25.000000000004974,0.040000000000020464
1305,the,450.38,450.44,3,0.060000000000002274,0.020000000000000757,49.9999999999981,0.060000000000002274
1306,difference,450.5,450.84,10,0.339999999999975,0.0339999999999975,29.411764705884515,0.040000000000020464
1307,between,450.88,451.14,7,0.2599999999999909,0.03714285714285585,26.923076923077865,0.020000000000038654
1308,a,451.16,451.2,1,0.03999999999996362,0.03999999999996362,25.000000000022737,0.040000000000020464
1309,light,451.24,451.48,5,0.2400000000000091,0.04800000000000182,20.833333333332543,0.01999999999998181
1310,in,451.5,451.56,2,0.060000000000002274,0.030000000000001137,33.33333333333207,0.040000000000020464
1311,a,451.6,451.64,1,0.03999999999996362,0.03999999999996362,25.000000000022737,0.060000000000002274
1312,dark,451.7,451.96,4,0.2599999999999909,0.06499999999999773,15.384615384615923,0.040000000000020464
1313,bloom,452.0,452.34,5,0.339999999999975,0.067999999999995,14.705882352942258,0.9399999999999977
1314,and,453.28,453.38,3,0.10000000000002274,0.03333333333334091,29.99999999999318,0.040000000000020464
1315,when,453.42,453.54,4,0.12000000000000455,0.030000000000001137,33.33333333333207,0.01999999999998181
1316,you,453.56,453.6,3,0.040000000000020464,0.013333333333340155,74.99999999996163,0.060000000000002274
1317,look,453.66,453.8,4,0.13999999999998636,0.03499999999999659,28.571428571431355,0.01999999999998181
1318,at,453.82,453.88,2,0.060000000000002274,0.030000000000001137,33.33333333333207,0.040000000000020464
1319,people's,453.92,454.28,8,0.3599999999999568,0.0449999999999946,22.22222222222489,0.10000000000002274
1320,brains,454.38,454.9,6,0.5199999999999818,0.08666666666666363,11.538461538461942,0.040000000000020464
1321,as,454.94,455.06,2,0.12000000000000455,0.060000000000002274,16.666666666666035,0.040000000000020464
1322,they're,455.1,455.26,7,0.15999999999996817,0.02285714285713831,43.750000000008704,0.040000000000020464
1323,looking,455.3,455.58,7,0.2799999999999727,0.0399999999999961,25.000000000002437,0.020000000000038654
1324,at,455.6,455.7,2,0.0999999999999659,0.04999999999998295,20.00000000000682,0.040000000000020464
1325,colours,455.74,456.24,7,0.5,0.07142857142857142,14.0,0.30000000000001137
1326,say,456.54,456.68,3,0.13999999999998636,0.04666666666666212,21.428571428573516,0.060000000000002274
1327,you,456.74,456.8,3,0.060000000000002274,0.020000000000000757,49.9999999999981,0.060000000000002274
1328,have,456.86,457.0,4,0.13999999999998636,0.03499999999999659,28.571428571431355,0.060000000000002274
1329,colours,457.06,457.38,7,0.3199999999999932,0.04571428571428474,21.875000000000465,0.060000000000002274
1330,shifting,457.44,457.8,8,0.36000000000001364,0.045000000000001705,22.22222222222138,0.060000000000002274
1331,slowly,457.86,458.28,6,0.4199999999999591,0.06999999999999318,14.285714285715677,0.08000000000004093
1332,from,458.36,458.5,4,0.13999999999998636,0.03499999999999659,28.571428571431355,0.060000000000002274
1333,light,458.56,458.82,5,0.2599999999999909,0.05199999999999818,19.230769230769905,0.01999999999998181
1334,of,458.84,458.86,2,0.020000000000038654,0.010000000000019327,99.99999999980673,0.060000000000002274
1335,dark,458.92,459.18,4,0.2599999999999909,0.06499999999999773,15.384615384615923,0.040000000000020464
1336,blue,459.22,459.58,4,0.3599999999999568,0.0899999999999892,11.111111111112445,1.2200000000000273
1337,the,460.8,460.88,3,0.07999999999998408,0.02666666666666136,37.50000000000746,0.060000000000002274
1338,brains,460.94,461.3,6,0.36000000000001364,0.060000000000002274,16.666666666666035,0.01999999999998181
1339,of,461.32,461.38,2,0.060000000000002274,0.030000000000001137,33.33333333333207,0.060000000000002274
1340,people,461.44,461.76,6,0.3199999999999932,0.0533333333333322,18.7500000000004,0.060000000000002274
1341,who,461.82,462.0,3,0.18000000000000682,0.060000000000002274,16.666666666666035,0.4200000000000159
1342,use,462.42,462.66,3,0.2400000000000091,0.08000000000000303,12.499999999999526,0.060000000000002274
1343,different,462.72,463.02,9,0.2999999999999545,0.03333333333332828,30.000000000004547,0.040000000000020464
1344,words,463.06,463.46,5,0.39999999999997726,0.07999999999999545,12.50000000000071,0.060000000000002274
1345,for,463.52,463.62,3,0.10000000000002274,0.03333333333334091,29.99999999999318,0.040000000000020464
1346,light,463.66,463.9,5,0.23999999999995225,0.04799999999999045,20.833333333337478,0.020000000000038654
1347,in,463.92,464.0,2,0.07999999999998408,0.03999999999999204,25.000000000004974,0.160000000000025
1348,dark,464.16,464.44,4,0.2799999999999727,0.06999999999999318,14.285714285715677,0.040000000000020464
1349,blue,464.48,464.84,4,0.3599999999999568,0.0899999999999892,11.111111111112445,0.4000000000000341
1350,would,465.24,465.38,5,0.13999999999998636,0.02799999999999727,35.7142857142892,0.040000000000020464
1351,give,465.42,465.54,4,0.12000000000000455,0.030000000000001137,33.33333333333207,0.03999999999996362
1352,a,465.58,465.6,1,0.020000000000038654,0.020000000000038654,49.999999999903366,0.060000000000002274
1353,surprise,465.66,466.2,8,0.5399999999999636,0.06749999999999545,14.814814814815813,0.060000000000002274
1354,reaction,466.26,466.78,8,0.5199999999999818,0.06499999999999773,15.384615384615923,0.1400000000000432
1355,as,466.92,467.04,2,0.12000000000000455,0.060000000000002274,16.666666666666035,0.03999999999996362
1356,the,467.08,467.14,3,0.060000000000002274,0.020000000000000757,49.9999999999981,0.060000000000002274
1357,colours,467.2,467.54,7,0.34000000000003183,0.048571428571433116,20.58823529411572,0.060000000000002274
1358,shift,467.6,467.86,5,0.2599999999999909,0.05199999999999818,19.230769230769905,0.01999999999998181
1359,from,467.88,468.02,4,0.13999999999998636,0.03499999999999659,28.571428571431355,0.040000000000020464
1360,light,468.06,468.26,5,0.19999999999998863,0.039999999999997725,25.00000000000142,0.01999999999998181
1361,to,468.28,468.34,2,0.060000000000002274,0.030000000000001137,33.33333333333207,0.060000000000002274
1362,dark,468.4,468.72,4,0.32000000000005,0.0800000000000125,12.499999999998046,0.0999999999999659
1363,as,468.82,468.96,2,0.13999999999998636,0.06999999999999318,14.285714285715677,0.060000000000002274
1364,if,469.02,469.18,2,0.160000000000025,0.0800000000000125,12.499999999998046,0.2599999999999909
1365,oo,469.44,469.64,2,0.19999999999998863,0.09999999999999432,10.000000000000568,0.10000000000002274
1366,something,469.74,470.04,9,0.30000000000001137,0.033333333333334596,29.999999999998863,0.03999999999996362
1367,has,470.08,470.2,3,0.12000000000000455,0.040000000000001514,24.99999999999905,0.060000000000002274
1368,categorically,470.26,470.86,13,0.6000000000000227,0.046153846153847905,21.666666666665847,0.07999999999998408
1369,changed,470.94,471.46,7,0.5199999999999818,0.0742857142857117,13.461538461538932,0.5600000000000023
1370,where's,472.02,472.26,7,0.2400000000000091,0.034285714285715585,29.166666666665563,0.060000000000002274
1371,the,472.32,472.36,3,0.040000000000020464,0.013333333333340155,74.99999999996163,0.060000000000002274
1372,brains,472.42,472.72,6,0.30000000000001137,0.0500000000000019,19.999999999999243,0.01999999999998181
1373,of,472.74,472.82,2,0.07999999999998408,0.03999999999999204,25.000000000004974,0.2400000000000091
1374,english,473.06,473.34,7,0.2799999999999727,0.0399999999999961,25.000000000002437,0.020000000000038654
1375,speakers,473.36,473.7,8,0.339999999999975,0.042499999999996874,23.529411764707614,0.060000000000002274
1376,for,473.76,473.84,3,0.07999999999998408,0.02666666666666136,37.50000000000746,0.020000000000038654
1377,example,473.86,474.24,7,0.37999999999999545,0.05428571428571364,18.42105263157917,0.03999999999996362
1378,that,474.28,474.38,4,0.10000000000002274,0.025000000000005684,39.999999999990905,0.040000000000020464
1379,don't,474.42,474.62,5,0.19999999999998863,0.039999999999997725,25.00000000000142,0.040000000000020464
1380,make,474.66,474.8,4,0.13999999999998636,0.03499999999999659,28.571428571431355,0.01999999999998181
1381,this,474.82,474.96,4,0.13999999999998636,0.03499999999999659,28.571428571431355,0.040000000000020464
1382,categorical,475.0,475.56,11,0.5600000000000023,0.05090909090909112,19.642857142857064,0.040000000000020464
1383,distinction,475.6,476.06,11,0.45999999999997954,0.04181818181817996,23.913043478261933,0.060000000000002274
1384,don't,476.12,476.3,5,0.18000000000000682,0.036000000000001364,27.777777777776723,0.03999999999996362
1385,give,476.34,476.48,4,0.1400000000000432,0.0350000000000108,28.571428571419755,0.03999999999996362
1386,that,476.52,476.66,4,0.1400000000000432,0.0350000000000108,28.571428571419755,0.060000000000002274
1387,surprise,476.72,477.32,8,0.5999999999999659,0.07499999999999574,13.33333333333409,0.2400000000000091
1388,is,477.56,477.7,2,0.13999999999998636,0.06999999999999318,14.285714285715677,0.040000000000020464
1389,nothing,477.74,478.06,7,0.3199999999999932,0.04571428571428474,21.875000000000465,0.01999999999998181
1390,is,478.08,478.18,2,0.10000000000002274,0.05000000000001137,19.999999999995453,0.040000000000020464
1391,categorically,478.22,478.82,13,0.5999999999999659,0.046153846153843534,21.666666666667897,0.07999999999998408
1392,changing,478.9,479.32,8,0.4200000000000159,0.05250000000000199,19.047619047618326,2.019999999999982
1393,mm,481.34,481.34,2,0.0,0.0,inf,0.7600000000000477
1394,languages,482.1,482.54,9,0.4399999999999977,0.048888888888888635,20.45454545454556,0.01999999999998181
1395,have,482.56,482.68,4,0.12000000000000455,0.030000000000001137,33.33333333333207,0.060000000000002274
1396,all,482.74,482.86,3,0.12000000000000455,0.040000000000001514,24.99999999999905,0.01999999999998181
1397,kinds,482.88,483.12,5,0.2400000000000091,0.04800000000000182,20.833333333332543,0.01999999999998181
1398,of,483.14,483.18,2,0.040000000000020464,0.020000000000010232,49.99999999997442,0.060000000000002274
1399,structural,483.24,483.74,10,0.5,0.05,20.0,0.12000000000000455
1400,quirks,483.86,484.36,6,0.5,0.08333333333333333,12.0,0.18000000000000682
1401,this,484.54,484.68,4,0.13999999999998636,0.03499999999999659,28.571428571431355,0.01999999999998181
1402,is,484.7,484.8,2,0.10000000000002274,0.05000000000001137,19.999999999995453,0.03999999999996362
1403,one,484.84,484.98,3,0.1400000000000432,0.04666666666668107,21.428571428564815,0.01999999999998181
1404,of,485.0,485.04,2,0.040000000000020464,0.020000000000010232,49.99999999997442,0.03999999999996362
1405,my,485.08,485.18,2,0.10000000000002274,0.05000000000001137,19.999999999995453,0.07999999999998408
1406,favorites,485.26,485.8,9,0.5400000000000205,0.060000000000002274,16.666666666666035,0.07999999999998408
1407,lots,485.88,486.12,4,0.2400000000000091,0.060000000000002274,16.666666666666035,0.0
1408,of,486.12,486.2,2,0.07999999999998408,0.03999999999999204,25.000000000004974,0.040000000000020464
1409,languages,486.24,486.74,9,0.5,0.05555555555555555,18.0,0.0999999999999659
1410,have,486.84,487.2,4,0.36000000000001364,0.09000000000000341,11.11111111111069,0.160000000000025
1411,grammatical,487.36,487.82,11,0.45999999999997954,0.04181818181817996,23.913043478261933,0.060000000000002274
1412,gender,487.88,488.3,6,0.4200000000000159,0.07000000000000266,14.285714285713745,0.15999999999996817
1413,so,488.46,488.58,2,0.12000000000000455,0.060000000000002274,16.666666666666035,0.08000000000004093
1414,every,488.66,489.0,5,0.339999999999975,0.067999999999995,14.705882352942258,0.10000000000002274
1415,now,489.1,489.42,3,0.3199999999999932,0.1066666666666644,9.3750000000002,0.03999999999996362
1416,on,489.46,489.56,2,0.10000000000002274,0.05000000000001137,19.999999999995453,0.19999999999998863
1417,gets,489.76,489.94,4,0.18000000000000682,0.045000000000001705,22.22222222222138,0.01999999999998181
1418,a,489.96,490.0,1,0.040000000000020464,0.040000000000020464,24.99999999998721,0.040000000000020464
1419,side,490.04,490.28,4,0.23999999999995225,0.05999999999998806,16.666666666669983,0.020000000000038654
1420,agenda,490.3,490.72,6,0.4200000000000159,0.07000000000000266,14.285714285713745,0.37999999999999545
1421,often,491.1,491.4,5,0.2999999999999545,0.05999999999999091,16.666666666669194,0.040000000000020464
1422,masculine,491.44,491.96,9,0.5199999999999818,0.057777777777775756,17.307692307692914,0.020000000000038654
1423,our,491.98,492.04,3,0.060000000000002274,0.020000000000000757,49.9999999999981,0.03999999999996362
1424,feminine,492.08,492.52,8,0.4399999999999977,0.054999999999999716,18.181818181818276,0.5400000000000205
1425,and,493.06,493.14,3,0.07999999999998408,0.02666666666666136,37.50000000000746,0.020000000000038654
1426,these,493.16,493.28,5,0.1199999999999477,0.02399999999998954,41.666666666684826,0.020000000000038654
1427,genders,493.3,493.62,7,0.3199999999999932,0.04571428571428474,21.875000000000465,0.01999999999998181
1428,differ,493.64,493.84,6,0.19999999999998863,0.03333333333333144,30.000000000001705,0.020000000000038654
1429,across,493.86,494.1,6,0.2400000000000091,0.040000000000001514,24.99999999999905,0.060000000000002274
1430,languages,494.16,494.58,9,0.4199999999999591,0.04666666666666212,21.428571428573516,0.34000000000003183
1431,so,494.92,495.02,2,0.0999999999999659,0.04999999999998295,20.00000000000682,0.08000000000004093
1432,for,495.1,495.18,3,0.07999999999998408,0.02666666666666136,37.50000000000746,0.01999999999998181
1433,example,495.2,495.52,7,0.3199999999999932,0.04571428571428474,21.875000000000465,0.040000000000020464
1434,the,495.56,495.62,3,0.060000000000002274,0.020000000000000757,49.9999999999981,0.060000000000002274
1435,sun,495.68,496.0,3,0.3199999999999932,0.1066666666666644,9.3750000000002,0.12000000000000455
1436,is,496.12,496.38,2,0.2599999999999909,0.12999999999999545,7.692307692307962,0.10000000000002274
1437,femininated,496.48,496.96,11,0.47999999999996135,0.04363636363636012,22.91666666666851,0.040000000000020464
1438,german,497.0,497.46,6,0.45999999999997954,0.07666666666666326,13.043478260870145,0.22000000000002728
1439,but,497.68,497.8,3,0.12000000000000455,0.040000000000001514,24.99999999999905,0.060000000000002274
1440,masculine,497.86,498.48,9,0.6200000000000045,0.06888888888888939,14.516129032257957,0.39999999999997726
1441,in,498.88,498.96,2,0.07999999999998408,0.03999999999999204,25.000000000004974,0.040000000000020464
1442,spanish,499.0,499.48,7,0.4800000000000182,0.06857142857143117,14.583333333332781,0.21999999999997044
1443,and,499.7,499.82,3,0.12000000000000455,0.040000000000001514,24.99999999999905,0.01999999999998181
1444,the,499.84,499.9,3,0.060000000000002274,0.020000000000000757,49.9999999999981,0.040000000000020464
1445,moon,499.94,500.14,4,0.19999999999998863,0.04999999999999716,20.000000000001137,0.020000000000038654
1446,the,500.16,500.22,3,0.060000000000002274,0.020000000000000757,49.9999999999981,0.03999999999996362
1447,reverse,500.26,500.72,7,0.4600000000000364,0.06571428571429092,15.217391304346622,0.8799999999999955
1448,could,501.6,501.82,5,0.21999999999997044,0.043999999999994086,22.727272727275782,0.10000000000002274
1449,this,501.92,502.2,4,0.2799999999999727,0.06999999999999318,14.285714285715677,0.6000000000000227
1450,actually,502.8,503.16,8,0.36000000000001364,0.045000000000001705,22.22222222222138,0.0999999999999659
1451,have,503.26,503.44,4,0.18000000000000682,0.045000000000001705,22.22222222222138,0.01999999999998181
1452,any,503.46,503.62,3,0.160000000000025,0.05333333333334167,18.74999999999707,0.040000000000020464
1453,consequence,503.66,504.16,11,0.5,0.045454545454545456,22.0,0.060000000000002274
1454,for,504.22,504.26,3,0.03999999999996362,0.013333333333321207,75.00000000006821,0.060000000000002274
1455,how,504.32,504.42,3,0.10000000000002274,0.03333333333334091,29.99999999999318,0.01999999999998181
1456,people,504.44,504.68,6,0.2400000000000091,0.040000000000001514,24.99999999999905,0.060000000000002274
1457,think,504.74,505.02,5,0.2799999999999727,0.05599999999999454,17.8571428571446,0.10000000000002274
1458,do,505.12,505.18,2,0.060000000000002274,0.030000000000001137,33.33333333333207,0.07999999999998408
1459,german,505.26,505.56,6,0.30000000000001137,0.0500000000000019,19.999999999999243,0.040000000000020464
1460,speakers,505.6,506.0,8,0.39999999999997726,0.04999999999999716,20.000000000001137,0.060000000000002274
1461,think,506.06,506.34,5,0.2799999999999727,0.05599999999999454,17.8571428571446,0.020000000000038654
1462,of,506.36,506.44,2,0.07999999999998408,0.03999999999999204,25.000000000004974,0.060000000000002274
1463,the,506.5,506.56,3,0.060000000000002274,0.020000000000000757,49.9999999999981,0.060000000000002274
1464,son,506.62,506.88,3,0.2599999999999909,0.08666666666666363,11.538461538461942,0.01999999999998181
1465,is,506.9,507.0,2,0.10000000000002274,0.05000000000001137,19.999999999995453,0.060000000000002274
1466,how,507.06,507.2,3,0.13999999999998636,0.04666666666666212,21.428571428573516,0.2599999999999909
1467,somehow,507.46,507.76,7,0.30000000000001137,0.04285714285714448,23.333333333332448,0.060000000000002274
1468,more,507.82,508.06,4,0.2400000000000091,0.060000000000002274,16.666666666666035,0.13999999999998636
1469,female,508.2,508.6,6,0.4000000000000341,0.06666666666667236,14.999999999998721,0.03999999999996362
1470,like,508.64,509.0,4,0.36000000000001364,0.09000000000000341,11.11111111111069,0.160000000000025
1471,the,509.16,509.22,3,0.060000000000002274,0.020000000000000757,49.9999999999981,0.13999999999998636
1472,moon,509.36,509.74,4,0.37999999999999545,0.09499999999999886,10.52631578947381,0.03999999999996362
1473,somehow,509.78,510.04,7,0.26000000000004775,0.037142857142863965,26.923076923071978,0.07999999999998408
1474,more,510.12,510.28,4,0.15999999999996817,0.03999999999999204,25.000000000004974,0.040000000000020464
1475,male,510.32,510.52,4,0.19999999999998863,0.04999999999999716,20.000000000001137,0.040000000000020464
1476,like,510.56,510.84,4,0.2799999999999727,0.06999999999999318,14.285714285715677,0.9200000000000159
1477,actually,511.76,512.02,8,0.2599999999999909,0.03249999999999886,30.769230769231847,0.08000000000004093
1478,turns,512.1,512.34,5,0.2400000000000091,0.04800000000000182,20.833333333332543,0.0
1479,out,512.34,512.48,3,0.13999999999998636,0.04666666666666212,21.428571428573516,0.03999999999996362
1480,that's,512.52,512.72,6,0.20000000000004547,0.03333333333334091,29.99999999999318,0.03999999999996362
1481,the,512.76,512.82,3,0.06000000000005912,0.020000000000019707,49.99999999995074,0.05999999999994543
1482,case,512.88,513.22,4,0.34000000000003183,0.08500000000000796,11.764705882351839,0.4599999999999227
1483,so,513.68,513.84,2,0.16000000000008185,0.08000000000004093,12.499999999993605,0.1999999999999318
1484,if,514.04,514.18,2,0.13999999999998636,0.06999999999999318,14.285714285715677,0.020000000000095497
1485,you,514.2,514.26,3,0.05999999999994543,0.01999999999998181,50.000000000045475,0.10000000000002274
1486,ask,514.36,514.82,3,0.4600000000000364,0.15333333333334545,6.521739130434267,0.2999999999999545
1487,german,515.12,515.46,6,0.34000000000003183,0.05666666666667197,17.64705882352776,0.01999999999998181
1488,and,515.48,515.54,3,0.05999999999994543,0.01999999999998181,50.000000000045475,0.04000000000007731
1489,spanish,515.58,515.96,7,0.37999999999999545,0.05428571428571364,18.42105263157917,0.01999999999998181
1490,speakers,515.98,516.48,8,0.5,0.0625,16.0,0.13999999999998636
1491,to,516.62,516.78,2,0.15999999999996817,0.07999999999998408,12.500000000002487,0.2400000000000091
1492,say,517.02,517.18,3,0.15999999999996817,0.05333333333332272,18.75000000000373,0.12000000000000455
1493,describe,517.3,518.02,8,0.7200000000000273,0.09000000000000341,11.11111111111069,0.13999999999998636
1494,a,518.16,518.24,1,0.08000000000004093,0.08000000000004093,12.499999999993605,0.05999999999994543
1495,bridge,518.3,518.72,6,0.42000000000007276,0.07000000000001212,14.28571428571181,0.4199999999999591
1496,like,519.14,519.28,4,0.13999999999998636,0.03499999999999659,28.571428571431355,0.04000000000007731
1497,the,519.32,519.38,3,0.05999999999994543,0.01999999999998181,50.000000000045475,0.06000000000005912
1498,one,519.44,519.6,3,0.15999999999996817,0.05333333333332272,18.75000000000373,0.03999999999996362
1499,here,519.64,519.88,4,0.2400000000000091,0.060000000000002274,16.666666666666035,0.7400000000000091
1500,bridge,520.62,520.84,6,0.22000000000002728,0.03666666666667121,27.27272727272389,0.03999999999996362
1501,happens,520.88,521.18,7,0.2999999999999545,0.04285714285713636,23.33333333333687,0.06000000000005912
1502,to,521.24,521.32,2,0.08000000000004093,0.040000000000020464,24.99999999998721,0.05999999999994543
1503,be,521.38,521.52,2,0.13999999999998636,0.06999999999999318,14.285714285715677,0.9600000000000364
1504,dramatically,522.48,522.96,12,0.4800000000000182,0.040000000000001514,24.99999999999905,0.05999999999994543
1505,feminine,523.02,523.44,8,0.42000000000007276,0.052500000000009095,19.047619047615747,0.01999999999998181
1506,and,523.46,523.52,3,0.05999999999994543,0.01999999999998181,50.000000000045475,0.03999999999996362
1507,german,523.56,523.92,6,0.36000000000001364,0.060000000000002274,16.666666666666035,0.04000000000007731
1508,grammatically,523.96,524.5,13,0.5399999999999636,0.04153846153845874,24.074074074075696,0.05999999999994543
1509,masculine,524.56,525.1,9,0.5400000000000773,0.06000000000000859,16.66666666666428,0.03999999999996362
1510,in,525.14,525.2,2,0.06000000000005912,0.03000000000002956,33.33333333330049,0.03999999999996362
1511,spanish,525.24,525.72,7,0.4800000000000182,0.06857142857143117,14.583333333332781,0.4599999999999227
1512,german,526.18,526.5,6,0.32000000000005,0.05333333333334167,18.74999999999707,0.01999999999998181
1513,speakers,526.52,526.86,8,0.34000000000003183,0.04250000000000398,23.529411764703678,0.03999999999996362
1514,are,526.9,526.98,3,0.08000000000004093,0.02666666666668031,37.499999999980815,0.03999999999996362
1515,more,527.02,527.2,4,0.18000000000006366,0.045000000000015916,22.222222222214363,0.05999999999994543
1516,likely,527.26,527.56,6,0.2999999999999545,0.04999999999999242,20.00000000000303,0.04000000000007731
1517,to,527.6,527.68,2,0.07999999999992724,0.03999999999996362,25.000000000022737,0.08000000000004093
1518,say,527.76,527.98,3,0.22000000000002728,0.07333333333334242,13.636363636361946,0.2400000000000091
1519,bridges,528.22,528.56,7,0.33999999999991815,0.04857142857141688,20.588235294122605,0.06000000000005912
1520,are,528.62,528.78,3,0.15999999999996817,0.05333333333332272,18.75000000000373,0.2799999999999727
1521,beautiful,529.06,529.58,9,0.5200000000000955,0.05777777777778839,17.30769230768913,0.15999999999996817
1522,elegantly,529.74,530.34,9,0.6000000000000227,0.06666666666666919,14.999999999999432,0.07999999999992724
1523,stereotypically,530.42,531.2,15,0.7800000000000864,0.05200000000000576,19.230769230767102,0.05999999999994543
1524,feminine,531.26,531.64,8,0.37999999999999545,0.04749999999999943,21.05263157894762,0.03999999999996362
1525,words,531.68,532.04,5,0.36000000000001364,0.07200000000000273,13.888888888888362,0.6200000000000045
1526,whereas,532.66,533.04,7,0.37999999999999545,0.05428571428571364,18.42105263157917,0.2400000000000091
1527,spanish,533.28,533.64,7,0.36000000000001364,0.05142857142857338,19.444444444443707,0.0
1528,speakers,533.64,533.96,8,0.32000000000005,0.04000000000000625,24.999999999996092,0.01999999999998181
1529,will,533.98,534.06,4,0.07999999999992724,0.01999999999998181,50.000000000045475,0.04000000000007731
1530,be,534.1,534.16,2,0.05999999999994543,0.029999999999972715,33.33333333336365,0.06000000000005912
1531,more,534.22,534.38,4,0.15999999999996817,0.03999999999999204,25.000000000004974,0.01999999999998181
1532,likely,534.4,534.68,6,0.2799999999999727,0.04666666666666212,21.428571428573516,0.04000000000007731
1533,to,534.72,534.8,2,0.07999999999992724,0.03999999999996362,25.000000000022737,0.06000000000005912
1534,say,534.86,534.98,3,0.12000000000000455,0.040000000000001514,24.99999999999905,0.07999999999992724
1535,they're,535.06,535.22,7,0.16000000000008185,0.02285714285715455,43.74999999997762,0.07999999999992724
1536,strong,535.3,535.8,6,0.5,0.08333333333333333,12.0,0.020000000000095497
1537,or,535.82,535.88,2,0.05999999999994543,0.029999999999972715,33.33333333336365,0.08000000000004093
1538,long,535.96,536.3,4,0.33999999999991815,0.08499999999997954,11.764705882355774,0.7599999999999909
1539,masculine,537.06,537.6,9,0.5400000000000773,0.06000000000000859,16.66666666666428,0.03999999999996362
1540,words,537.64,537.94,5,0.3000000000000682,0.06000000000001364,16.666666666662877,5.599999999999909
1541,languages,543.54,543.98,9,0.44000000000005457,0.04888888888889495,20.454545454542917,0.05999999999994543
1542,also,544.04,544.26,4,0.22000000000002728,0.05500000000000682,18.181818181815927,0.10000000000002274
1543,differ,544.36,544.72,6,0.36000000000001364,0.060000000000002274,16.666666666666035,0.13999999999998636
1544,in,544.86,545.0,2,0.13999999999998636,0.06999999999999318,14.285714285715677,0.10000000000002274
1545,how,545.1,545.24,3,0.13999999999998636,0.04666666666666212,21.428571428573516,0.05999999999994543
1546,they,545.3,545.38,4,0.08000000000004093,0.020000000000010232,49.99999999997442,0.06000000000005912
1547,describe,545.44,545.98,8,0.5399999999999636,0.06749999999999545,14.814814814815813,0.07999999999992724
1548,events,546.06,546.6,6,0.5400000000000773,0.09000000000001289,11.11111111110952,0.31999999999993634
1549,right,546.92,547.2,5,0.2800000000000864,0.05600000000001728,17.857142857137347,0.8799999999999955
1550,so,548.08,548.3,2,0.2199999999999136,0.1099999999999568,9.09090909091266,0.20000000000004547
1551,you,548.5,548.56,3,0.05999999999994543,0.01999999999998181,50.000000000045475,0.06000000000005912
1552,take,548.62,548.8,4,0.17999999999994998,0.044999999999987494,22.222222222228396,0.0
1553,an,548.8,548.86,2,0.06000000000005912,0.03000000000002956,33.33333333330049,0.01999999999998181
1554,event,548.88,549.1,5,0.22000000000002728,0.04400000000000546,22.72727272726991,0.03999999999996362
1555,like,549.14,549.26,4,0.12000000000000455,0.030000000000001137,33.33333333333207,0.03999999999996362
1556,this,549.3,549.48,4,0.18000000000006366,0.045000000000015916,22.222222222214363,0.05999999999994543
1557,an,549.54,549.6,2,0.06000000000005912,0.03000000000002956,33.33333333330049,0.07999999999992724
1558,accident,549.68,550.16,8,0.4800000000000182,0.060000000000002274,16.666666666666035,0.2800000000000864
1559,in,550.44,550.54,2,0.09999999999990905,0.049999999999954525,20.00000000001819,0.04000000000007731
1560,english,550.58,550.86,7,0.2799999999999727,0.0399999999999961,25.000000000002437,0.01999999999998181
1561,it's,550.88,551.04,4,0.15999999999996817,0.03999999999999204,25.000000000004974,0.04000000000007731
1562,fine,551.08,551.34,4,0.2599999999999909,0.06499999999999773,15.384615384615923,0.01999999999998181
1563,to,551.36,551.44,2,0.08000000000004093,0.040000000000020464,24.99999999998721,0.05999999999994543
1564,say,551.5,551.7,3,0.20000000000004547,0.06666666666668182,14.99999999999659,0.2999999999999545
1565,he,552.0,552.1,2,0.10000000000002274,0.05000000000001137,19.999999999995453,0.07999999999992724
1566,broke,552.18,552.42,5,0.2400000000000091,0.04800000000000182,20.833333333332543,0.04000000000007731
1567,the,552.46,552.54,3,0.07999999999992724,0.026666666666642413,37.500000000034106,0.06000000000005912
1568,base,552.6,552.9,4,0.2999999999999545,0.07499999999998863,13.333333333335354,0.9600000000000364
1569,in,553.86,554.12,2,0.2599999999999909,0.12999999999999545,7.692307692307962,1.1599999999999682
1570,a,555.28,555.38,1,0.10000000000002274,0.10000000000002274,9.999999999997726,0.06000000000005912
1571,language,555.44,555.74,8,0.2999999999999545,0.037499999999994316,26.666666666670707,0.03999999999996362
1572,like,555.78,555.9,4,0.12000000000000455,0.030000000000001137,33.33333333333207,0.04000000000007731
1573,spanish,555.94,556.38,7,0.4399999999999409,0.06285714285713441,15.909090909093047,0.03999999999996362
1574,you,556.42,556.48,3,0.06000000000005912,0.020000000000019707,49.99999999995074,0.07999999999992724
1575,might,556.56,556.7,5,0.14000000000010004,0.02800000000002001,35.71428571426019,0.03999999999996362
1576,be,556.74,556.8,2,0.05999999999994543,0.029999999999972715,33.33333333336365,0.08000000000004093
1577,more,556.88,557.04,4,0.15999999999996817,0.03999999999999204,25.000000000004974,0.01999999999998181
1578,likely,557.06,557.36,6,0.3000000000000682,0.05000000000001137,19.999999999995453,0.03999999999996362
1579,to,557.4,557.48,2,0.08000000000004093,0.040000000000020464,24.99999999998721,0.05999999999994543
1580,say,557.54,557.78,3,0.2400000000000091,0.08000000000000303,12.499999999999526,0.5199999999999818
1581,the,558.3,558.4,3,0.10000000000002274,0.03333333333334091,29.99999999999318,0.08000000000004093
1582,base,558.48,558.72,4,0.2400000000000091,0.060000000000002274,16.666666666666035,0.03999999999996362
1583,broker,558.76,559.24,6,0.4800000000000182,0.08000000000000303,12.499999999999526,0.03999999999996362
1584,the,559.28,559.34,3,0.06000000000005912,0.020000000000019707,49.99999999995074,0.07999999999992724
1585,base,559.42,559.64,4,0.22000000000002728,0.05500000000000682,18.181818181815927,0.03999999999996362
1586,broke,559.68,559.96,5,0.2800000000000864,0.05600000000001728,17.857142857137347,0.01999999999998181
1587,itself,559.98,560.56,6,0.5799999999999272,0.09666666666665454,10.344827586208194,0.8400000000000318
1588,if,561.4,561.52,2,0.12000000000000455,0.060000000000002274,16.666666666666035,0.01999999999998181
1589,it's,561.54,561.68,4,0.13999999999998636,0.03499999999999659,28.571428571431355,0.020000000000095497
1590,an,561.7,561.76,2,0.05999999999994543,0.029999999999972715,33.33333333336365,0.08000000000004093
1591,accident,561.84,562.36,8,0.5199999999999818,0.06499999999999773,15.384615384615923,0.10000000000002274
1592,you,562.46,562.54,3,0.07999999999992724,0.026666666666642413,37.500000000034106,0.08000000000004093
1593,wouldn't,562.62,562.88,8,0.2599999999999909,0.03249999999999886,30.769230769231847,0.10000000000002274
1594,say,562.98,563.18,3,0.1999999999999318,0.06666666666664393,15.000000000005116,0.08000000000004093
1595,that,563.26,563.38,4,0.12000000000000455,0.030000000000001137,33.33333333333207,0.03999999999996362
1596,someone,563.42,563.72,7,0.3000000000000682,0.0428571428571526,23.333333333328028,0.05999999999994543
1597,did,563.78,563.94,3,0.16000000000008185,0.05333333333336062,18.749999999990408,0.03999999999996362
1598,it,563.98,564.08,2,0.10000000000002274,0.05000000000001137,19.999999999995453,0.4799999999999045
1599,in,564.56,564.68,2,0.12000000000000455,0.060000000000002274,16.666666666666035,0.04000000000007731
1600,english,564.72,564.96,7,0.2400000000000091,0.034285714285715585,29.166666666665563,0.05999999999994543
1601,quite,565.02,565.28,5,0.2599999999999909,0.05199999999999818,19.230769230769905,0.13999999999998636
1602,weirdly,565.42,565.96,7,0.5400000000000773,0.07714285714286818,12.962962962961107,0.31999999999993634
1603,we,566.28,566.36,2,0.08000000000004093,0.040000000000020464,24.99999999998721,0.08000000000004093
1604,can,566.44,566.56,3,0.11999999999989086,0.03999999999996362,25.000000000022737,0.06000000000005912
1605,even,566.62,566.9,4,0.2799999999999727,0.06999999999999318,14.285714285715677,0.08000000000004093
1606,say,566.98,567.12,3,0.13999999999998636,0.04666666666666212,21.428571428573516,0.08000000000004093
1607,things,567.2,567.46,6,0.2599999999999909,0.043333333333331815,23.076923076923883,0.05999999999994543
1608,like,567.52,567.86,4,0.34000000000003183,0.08500000000000796,11.764705882351839,0.13999999999998636
1609,i,568.0,568.08,1,0.08000000000004093,0.08000000000004093,12.499999999993605,0.12000000000000455
1610,broke,568.2,568.42,5,0.2199999999999136,0.04399999999998272,22.727272727281655,0.06000000000005912
1611,my,568.48,568.58,2,0.10000000000002274,0.05000000000001137,19.999999999995453,0.05999999999994543
1612,arm,568.64,568.96,3,0.32000000000005,0.10666666666668334,9.374999999998535,1.0599999999999454
1613,now,570.02,570.24,3,0.22000000000002728,0.07333333333334242,13.636363636361946,0.2599999999999909
1614,in,570.5,570.6,2,0.10000000000002274,0.05000000000001137,19.999999999995453,0.05999999999994543
1615,lots,570.66,570.9,4,0.2400000000000091,0.060000000000002274,16.666666666666035,0.01999999999998181
1616,of,570.92,570.98,2,0.06000000000005912,0.03000000000002956,33.33333333330049,0.05999999999994543
1617,languages,571.04,571.62,9,0.5800000000000409,0.064444444444449,15.51724137930925,0.15999999999996817
1618,you,571.78,571.88,3,0.10000000000002274,0.03333333333334091,29.99999999999318,0.13999999999998636
1619,couldn't,572.02,572.26,8,0.2400000000000091,0.030000000000001137,33.33333333333207,0.03999999999996362
1620,use,572.3,572.44,3,0.14000000000010004,0.04666666666670002,21.428571428556115,0.01999999999998181
1621,that,572.46,572.58,4,0.12000000000000455,0.030000000000001137,33.33333333333207,0.05999999999994543
1622,construction,572.64,573.16,12,0.5199999999999818,0.043333333333331815,23.076923076923883,0.08000000000004093
1623,unless,573.24,573.64,6,0.39999999999997726,0.06666666666666288,15.000000000000853,0.10000000000002274
1624,you,573.74,573.88,3,0.13999999999998636,0.04666666666666212,21.428571428573516,0.5
1625,are,574.38,574.52,3,0.13999999999998636,0.04666666666666212,21.428571428573516,0.03999999999996362
1626,a,574.56,574.6,1,0.04000000000007731,0.04000000000007731,24.999999999951683,0.03999999999996362
1627,lunatic,574.64,575.12,7,0.4800000000000182,0.06857142857143117,14.583333333332781,0.03999999999996362
1628,and,575.16,575.22,3,0.06000000000005912,0.020000000000019707,49.99999999995074,0.03999999999996362
1629,you,575.26,575.3,3,0.03999999999996362,0.013333333333321207,75.00000000006821,0.06000000000005912
1630,went,575.36,575.48,4,0.12000000000000455,0.030000000000001137,33.33333333333207,0.01999999999998181
1631,out,575.5,575.62,3,0.12000000000000455,0.040000000000001514,24.99999999999905,0.05999999999994543
1632,looking,575.68,575.98,7,0.3000000000000682,0.0428571428571526,23.333333333328028,0.05999999999994543
1633,to,576.04,576.12,2,0.08000000000004093,0.040000000000020464,24.99999999998721,0.03999999999996362
1634,break,576.16,576.38,5,0.22000000000002728,0.04400000000000546,22.72727272726991,0.03999999999996362
1635,your,576.42,576.54,4,0.12000000000000455,0.030000000000001137,33.33333333333207,0.04000000000007731
1636,arm,576.58,576.94,3,0.36000000000001364,0.12000000000000455,8.333333333333018,0.09999999999990905
1637,and,577.04,577.22,3,0.18000000000006366,0.060000000000021224,16.66666666666077,0.03999999999996362
1638,you,577.26,577.36,3,0.10000000000002274,0.03333333333334091,29.99999999999318,0.12000000000000455
1639,succeeded,577.48,578.02,9,0.5399999999999636,0.05999999999999596,16.66666666666779,0.2400000000000091
1640,right,578.26,578.52,5,0.2599999999999909,0.05199999999999818,19.230769230769905,0.6800000000000637
1641,if,579.2,579.32,2,0.12000000000000455,0.060000000000002274,16.666666666666035,0.01999999999998181
1642,it,579.34,579.4,2,0.05999999999994543,0.029999999999972715,33.33333333336365,0.04000000000007731
1643,was,579.44,579.58,3,0.13999999999998636,0.04666666666666212,21.428571428573516,0.01999999999998181
1644,an,579.6,579.66,2,0.05999999999994543,0.029999999999972715,33.33333333336365,0.08000000000004093
1645,accident,579.74,580.14,8,0.39999999999997726,0.04999999999999716,20.000000000001137,0.01999999999998181
1646,you,580.16,580.22,3,0.06000000000005912,0.020000000000019707,49.99999999995074,0.03999999999996362
1647,would,580.26,580.36,5,0.10000000000002274,0.02000000000000455,49.99999999998863,0.03999999999996362
1648,use,580.4,580.56,3,0.15999999999996817,0.05333333333332272,18.75000000000373,0.020000000000095497
1649,a,580.58,580.62,1,0.03999999999996362,0.03999999999996362,25.000000000022737,0.03999999999996362
1650,different,580.66,580.94,9,0.2800000000000864,0.03111111111112071,32.14285714284723,0.03999999999996362
1651,construction,580.98,581.52,12,0.5399999999999636,0.044999999999996966,22.22222222222372,1.1800000000000637
1652,now,582.7,582.84,3,0.13999999999998636,0.04666666666666212,21.428571428573516,0.13999999999998636
1653,this,582.98,583.14,4,0.15999999999996817,0.03999999999999204,25.000000000004974,0.01999999999998181
1654,has,583.16,583.26,3,0.10000000000002274,0.03333333333334091,29.99999999999318,0.06000000000005912
1655,consequences,583.32,584.08,12,0.7599999999999909,0.06333333333333258,15.789473684210716,0.36000000000001364
1656,so,584.44,584.64,2,0.1999999999999318,0.0999999999999659,10.00000000000341,0.7799999999999727
1657,people,585.42,585.68,6,0.2599999999999909,0.043333333333331815,23.076923076923883,0.04000000000007731
1658,who,585.72,585.82,3,0.10000000000002274,0.03333333333334091,29.99999999999318,0.03999999999996362
1659,speak,585.86,586.06,5,0.1999999999999318,0.03999999999998636,25.000000000008527,0.04000000000007731
1660,different,586.1,586.36,9,0.2599999999999909,0.028888888888887878,34.61538461538583,0.01999999999998181
1661,languages,586.38,587.0,9,0.6200000000000045,0.06888888888888939,14.516129032257957,0.22000000000002728
1662,will,587.22,587.34,4,0.12000000000000455,0.030000000000001137,33.33333333333207,0.03999999999996362
1663,pay,587.38,587.5,3,0.12000000000000455,0.040000000000001514,24.99999999999905,0.03999999999996362
1664,attention,587.54,587.92,9,0.37999999999999545,0.04222222222222172,23.684210526316072,0.020000000000095497
1665,to,587.94,588.02,2,0.07999999999992724,0.03999999999996362,25.000000000022737,0.03999999999996362
1666,different,588.06,588.32,9,0.2600000000001046,0.02888888888890051,34.615384615370694,0.05999999999994543
1667,things,588.38,588.6,6,0.22000000000002728,0.03666666666667121,27.27272727272389,0.03999999999996362
1668,depending,588.64,589.22,9,0.5800000000000409,0.064444444444449,15.51724137930925,0.03999999999996362
1669,on,589.26,589.4,2,0.13999999999998636,0.06999999999999318,14.285714285715677,0.08000000000004093
1670,what,589.48,589.68,4,0.1999999999999318,0.04999999999998295,20.00000000000682,0.04000000000007731
1671,their,589.72,589.86,5,0.13999999999998636,0.02799999999999727,35.7142857142892,0.05999999999994543
1672,language,589.92,590.3,8,0.37999999999999545,0.04749999999999943,21.05263157894762,0.08000000000004093
1673,usually,590.38,590.7,7,0.32000000000005,0.04571428571429286,21.874999999996582,0.07999999999992724
1674,requires,590.78,591.22,8,0.44000000000005457,0.05500000000000682,18.181818181815927,0.01999999999998181
1675,them,591.24,591.32,4,0.08000000000004093,0.020000000000010232,49.99999999997442,0.05999999999994543
1676,to,591.38,591.46,2,0.08000000000004093,0.040000000000020464,24.99999999998721,0.03999999999996362
1677,do,591.5,591.62,2,0.12000000000000455,0.060000000000002274,16.666666666666035,0.4600000000000364
1678,so,592.08,592.24,2,0.15999999999996817,0.07999999999998408,12.500000000002487,0.7599999999999909
1679,we,593.0,593.08,2,0.08000000000004093,0.040000000000020464,24.99999999998721,0.07999999999992724
1680,show,593.16,593.3,4,0.13999999999998636,0.03499999999999659,28.571428571431355,0.04000000000007731
1681,the,593.34,593.4,3,0.05999999999994543,0.01999999999998181,50.000000000045475,0.04000000000007731
1682,same,593.44,593.66,4,0.2199999999999136,0.0549999999999784,18.18181818182532,0.06000000000005912
1683,accident,593.72,594.14,8,0.4199999999999591,0.052499999999994884,19.047619047620902,0.03999999999996362
1684,to,594.18,594.24,2,0.06000000000005912,0.03000000000002956,33.33333333330049,0.05999999999994543
1685,english,594.3,594.58,7,0.2800000000000864,0.040000000000012345,24.999999999992287,0.01999999999998181
1686,speakers,594.6,594.92,8,0.31999999999993634,0.03999999999999204,25.000000000004974,0.020000000000095497
1687,and,594.94,594.98,3,0.03999999999996362,0.013333333333321207,75.00000000006821,0.03999999999996362
1688,spanish,595.02,595.36,7,0.34000000000003183,0.048571428571433116,20.58823529411572,0.01999999999998181
1689,speakers,595.38,595.86,8,0.4800000000000182,0.060000000000002274,16.666666666666035,0.4600000000000364
1690,english,596.32,596.6,7,0.2799999999999727,0.0399999999999961,25.000000000002437,0.03999999999996362
1691,speakers,596.64,597.2,8,0.5600000000000591,0.07000000000000739,14.285714285712778,0.2400000000000091
1692,will,597.44,597.78,4,0.33999999999991815,0.08499999999997954,11.764705882355774,0.7200000000000273
1693,remember,598.5,598.92,8,0.4199999999999591,0.052499999999994884,19.047619047620902,0.08000000000004093
1694,who,599.0,599.16,3,0.15999999999996817,0.05333333333332272,18.75000000000373,0.06000000000005912
1695,did,599.22,599.36,3,0.13999999999998636,0.04666666666666212,21.428571428573516,0.05999999999994543
1696,it,599.42,599.52,2,0.10000000000002274,0.05000000000001137,19.999999999995453,
